1 00
32 0100000
56 010000100
41 010000101
31 01000011
29 01000100
51 0100010100
49 0100010101
58 01000101100
55 01000101101
47 0100010111
21 0100011
16 01001
8 0101
13 011000
26 01100100
30 01100101
46 0110011000
42 0110011001
48 011001101
39 011001110
45 0110011110
60 011001111100
62 011001111101
50 01100111111
63 011010
24 011011
4 0111
0 100000
23 1000010
28 10000110
27 10000111
12 100010
15 100011
5 1001
2 101
14 110000
20 1100010
22 1100011
10 110010
18 1100110
59 11001110000
61 1100111000100
53 1100111000101
52 110011100011
43 1100111001
38 110011101
57 11001111000
54 11001111001
44 1100111101
36 110011111
6 11010
11 110110
19 1101110
35 110111100
37 110111101
25 11011111
7 11100
40 11101000
34 111010010
33 111010011
17 1110101
9 111011
3 1111
