100001000000001
100001000000001
100001000000001
100001000000001
110000100000000
100010000001000
110010000000000
100010000000100
110011100000000
100010000000101
100001100000010
100001100000010
110100000000000
110110000000000
110111000000000
100010000000011
100001100100000
100001100100000
110001000000000
100010000011111
100010000011101
110001100000000
100001100010101
100001100010101
100000100010000
100000100010000
100000100010000
100000100010000
100000100010000
100000100010000
100000100010000
100000100010000
100000100111000
100000100111000
100000100111000
100000100111000
100000100111000
100000100111000
100000100111000
100000100111000
100000100101001
100000100101001
100000100101001
100000100101001
100000100101001
100000100101001
100000100101001
100000100101001
100001000110011
100001000110011
100001000110011
100001000110011
100001000110001
100001000110001
100001000110001
100001000110001
100001100111010
100001100111010
100001100110111
100001100110111
100001000101111
100001000101111
100001000101111
100001000101111
100001000001101
100001000001101
100001000001101
100001000001101
100010000011010
100010000011110
110010100000000
110011000000000
100001000111111
100001000111111
100001000111111
100001000111111
100001000011000
100001000011000
100001000011000
100001000011000
100001000101110
100001000101110
100001000101110
100001000101110
100001000101010
100001000101010
100001000101010
100001000101010
100000100110000
100000100110000
100000100110000
100000100110000
100000100110000
100000100110000
100000100110000
100000100110000
100000100100111
100000100100111
100000100100111
100000100100111
100000100100111
100000100100111
100000100100111
100000100100111
100001000101101
100001000101101
100001000101101
100001000101101
100010000111100
100010000111110
100001100110010
100001100110010
100001000000000
100001000000000
100001000000000
100001000000000
100001100010111
100001100010111
100010000011100
100010000011011
100001000001100
100001000001100
100001000001100
100001000001100
100001000001111
100001000001111
100001000001111
100001000001111
100001000001110
100001000001110
100001000001110
100001000001110
100001100010100
100001100010100
100001100010110
100001100010110
100001000001010
100001000001010
100001000001010
100001000001010
100001100010010
100001100010010
110100100000000
110101100000000
100001100111011
100001100111011
110101000000000
100010000110100
100001000101011
100001000101011
100001000101011
100001000101011
100000100100110
100000100100110
100000100100110
100000100100110
100000100100110
100000100100110
100000100100110
100000100100110
100000100111101
100000100111101
100000100111101
100000100111101
100000100111101
100000100111101
100000100111101
100000100111101
100000100110101
100000100110101
100000100110101
100000100110101
100000100110101
100000100110101
100000100110101
100000100110101
100001100111001
100001100111001
100001100110110
100001100110110
100001000101100
100001000101100
100001000101100
100001000101100
100000100100100
100000100100100
100000100100100
100000100100100
100000100100100
100000100100100
100000100100100
100000100100100
100000100000110
100000100000110
100000100000110
100000100000110
100000100000110
100000100000110
100000100000110
100000100000110
100001000001011
100001000001011
100001000001011
100001000001011
100001100010011
100001100010011
110110100000000
100010000011001
100000100100011
100000100100011
100000100100011
100000100100011
100000100100011
100000100100011
100000100100011
100000100100011
100000100100101
100000100100101
100000100100101
100000100100101
100000100100101
100000100100101
100000100100101
100000100100101
100000100000111
100000100000111
100000100000111
100000100000111
100000100000111
100000100000111
100000100000111
100000100000111
100010000101000
110111100000000
100001100010001
100001100010001
100001000001001
100001000001001
100001000001001
100001000001001
100000100100010
100000100100010
100000100100010
100000100100010
100000100100010
100000100100010
100000100100010
100000100100010
100000100100001
100000100100001
100000100100001
100000100100001
100000100100001
100000100100001
100000100100001
100000100100001
