10110010101011000101111001110110111111001101011101110010110000100110100001100100010101011000000011101000000000000000000000000001
00000000000001101100100011001001110111000001101111010101010101101110000110101101010010010000011001011000111011101110111001000110
10111110111010110001101000110101110010101101111110110111111011111000111111001100001101001011110101101000000000000000000000000011
00000000000000000000000000000000110100001010001001101011110101000101000001011001111110110011101111101111011110100001111011011110
11000110110000001010001101101100000001010010011100111000111010001001101001111111001111001000011010010000000000000000000000000101
00000000000001010001011001101111001111110100011111101111101101100100000011001011111100101110001001101001001111100101010101011000
10001111100110001111001010111000111111101011001001111010101010011110100111001101011100111111000111101000000000000000000000100001
00000000000000000001001010111011101101111011110101110110101001000001010001111011111110011110010011101101001110110111101110001000
01010001011111001100011111011011111000010100011001110110101101110110001011111101110111001101111010001000000000000000000000100011
10001010100010011111110011011111001110000011111011011010010011000110000010001011010101111110001110010111110110011010111011011110
00000000000000000000000000000000000000000000000000000000000000000000000000000000000000000000000000000000000000000000001010100010
10101110000111110110100010000101011000001111100001111111101111001100000111110101000011011001101000010000000000000000000000100101
00000000000000000000000111111010110000110101101011110101010111010110110000010001011000111010101010110110011001011111110000101010
01011101111101110111111110111011010101101011101101111111110100110101011010011001010100110111001110011000000000000000000001000001
00000000000000000000000000000000000000110110011000000100000011011100111011000001001010011111110101111001001001110010010110101010
11110000111110101001110111110001111110011110000001100111010101010110111111101011110101001001111010010000000000000000000001000011
00000000000001110010011110100101011011101001010000100010111100010110011100001000010001101111100101111100101101101010000110010110
11110011111000000111110110000110011101010001111011110011001101101110101011000101111100100101010110010000000000000000000001000101
11010111001011000100011110000111111011000010111110110001100101110110010001000110110110101111001010101101100000010100100100100010
11111010101111101011010011100010110011010111101001111001001001101110101001000000111011010001111011110000000001000000000000000001
00000000000000001010010100011000101011000111110101010011111101100100100011111001001101001100110011011110010000001101101101111100
00011111001100010010010010110111100011100111010101010001100101100000001000101111110000001001001100111000000001000000000000000011
10111111110101110101100011110001101100010001000101000000110110110101100101011011101101101100010101110001100000111010001001000000
00000000000000000000000000000000000000000000000000000000000000000000000000000000000000000000000000000000000000000000000000101110
10011101110011111110011110010010001101001100011000001110111111110100100110011111011011111111011011100000000001000000000000000101
00000000000000000000000000000000000100011010000001111110111000111111100100100101101000100001010101111111001101011010010100101000
10000010100001000111101001100000100100010011001111101000110001110011000111010110011001111101111011010000000001000000000000100001
10111111100111001011001010011011101111011001001100000111011100011111011111100111110010111011010000110010101100111100000010100000
00000000000000000000000000000000000000000000000000000000000000000000000000000000000000000000000000000000000000000000000010101110
00101000110000110010110011110000010111110011011100010011101110110000000011111000100010100011110110011000000001000000000000100011
00000000000000000000010101110100001011100100111010110001101111010011111011100011000101100100101101110101111001101011110011000100
00100010011110010000001010011011000110111100011111101000010100010010011110110111110110011000101111111000000001000000000000100101
00000000000000000000000010111001000111010110010011010100011101010001110001111010010100100010111010000000111011101111011010100100
11010100101010010100101101101001001100100100110111110100101000100000000101001111101111100011110101001000000001000000000001000001
00000011011110110000011100010000011010000101000100011010110100110100110000101110011110100001110110100101001100111010000111110110
11101010001011100011110011010000101001110101010111100010111010010001010010101110111111011111111000101000000001000000000001000011
10111011010110000111001000010110110110010110110111100110110011000011101110010000010011011010100111100100111010000110011000101100
00000000000000000000000000000000000000000000000000000000000000000000000000000000000000000000000000000000000000000000000000101110
11110010011100011110010111111001100011000010111011100010010101100110100010101100111100000010111101000000000001000000000001000101
00000000000000000000000000000000000000000000000001011100011101100011000000101100100111011111000001101100100011001010100110111110
