100000100000001
100000100000001
100000100000001
100000100000001
100000100000001
100000100000001
100000100000001
100000100000001
100001100000011
100001100000011
100010000000100
110000100000000
100001000000010
100001000000010
100001000000010
100001000000010
100000100000101
100000100000101
100000100000101
100000100000101
100000100000101
100000100000101
100000100000101
100000100000101
100010000001001
100010000000111
100001100001000
100001100001000
100001100000000
100001100000000
100001100000110
100001100000110
