10111
0000
0110
1000
11000
10110
1000
11010
111011
11001
111011
11100
11010
0110
10011
11000
111011
11000
0100
0000
10010
10101
11000
111011
10101
10101
10110
0001
0111
0100
0001
0110
10110
10010
0000
0011
11000
111011
11011
11111
10100
10101
0101
0110
11110
0111
0010
11011
0111
0111
0110
11110
11010
0001
1000
11110
0100
10100
0101
0100
0001
0111
11111
0010
0010
0101
0001
0011
10010
0000
11011
11000
0000
11011
0011
10101
10100
11100
10110
1000
10100
11110
11000
0010
11011
11111
11111
0101
11100
11011
0110
0101
10111
0111
10011
11001
0010
11001
10101
11110
10011
10111
11000
10101
0111
0110
11111
0010
0111
11110
0111
0101
0011
0011
111011
0001
1000
0100
11011
11110
11011
111011
10010
1000
11001
0111
11111
0011
111011
10110
10011
0010
0011
10110
11100
11001
11010
0101
11110
0111
10110
11011
10100
1000
11110
11010
0100
0011
0011
0100
11011
1000
0111
0111
0110
11111
0010
0101
1000
1000
0100
0101
11011
0001
10111
0000
11001
10111
11100
0111
0000
11010
0010
0101
0000
10101
0001
11110
11001
10101
10111
0011
1000
0001
10111
10101
11110
10110
0011
10111
1000
11001
0011
0101
10011
0101
10110
10111
11110
0111
10110
11011
111011
0111
10101
11010
10011
10010
11110
11001
10010
0001
11011
0000
1000
0011
0110
0100
0100
11110
11011
10101
10111
0110
0000
11001
11100
11111
11100
11111
0001
11010
11000
10101
10011
10100
111011
0010
0010
0011
11010
0111
0010
0010
10111
11010
10111
10011
0100
0101
10010
11111
1000
0101
111011
11001
11110
11000
11100
0000
0111
0000
0111
0011
1000
10010
10100
0001
10101
0111
11011
11000
0100
0111
10011
0011
11111
1000
11011
11000
11110
0100
11010
111010
0111
0010
0111
0000
10010
10010
10011
0010
11010
0011
1000
10010
0101
11010
0111
0110
0110
0000
11110
0011
0110
10110
10011
1000
10011
11111
10101
11111
0011
10100
11000
0101
11100
0010
1000
0011
11010
0100
0000
0100
0001
10101
11100
1000
11011
10010
10010
0110
11111
0000
10010
0101
0000
11000
10101
0011
11011
111011
10100
0101
11000
0010
0100
1000
0110
0111
0110
0111
111010
0011
11111
10110
11100
0010
10111
111011
0001
0110
10110
0100
11110
11111
0011
0010
10100
10110
11111
0101
1000
1000
10010
10011
11100
111011
11000
0010
0001
0101
11111
0110
11010
1000
0011
0110
0101
11001
1000
1000
0110
10111
0100
0101
0000
0000
11110
11010
11000
10110
10100
11100
11110
11100
111011
0001
10011
11110
10110
10100
0100
10011
111010
11001
0010
0100
11111
0000
0011
111011
1000
10110
11111
1000
0111
11010
11000
11000
0100
11001
10101
11110
10100
11010
0110
0111
11111
0101
10110
0110
0011
0001
111010
11111
0100
11001
0110
11001
0100
10100
0101
11100
11110
0001
0101
0000
10011
0010
0100
11011
0111
11100
0000
0001
0101
0101
1000
1000
11100
10101
10011
10111
0010
111010
10010
0011
10111
0010
0000
0100
10100
0110
10010
11001
0101
10010
10101
0101
11011
1000
10111
0110
10100
11100
0101
10011
0001
10110
10110
0010
0101
0001
11000
0100
11100
0011
11110
10100
11111
10111
10111
10100
0010
10111
1000
11010
11100
0001
11001
1000
10100
10101
0110
0110
11000
10111
0100
11001
10110
0010
0001
0111
11100
0110
11011
0111
11010
11011
11010
0010
11100
0110
111010
0001
11110
0000
11001
1000
0110
0100
111011
0001
0110
11111
0111
0111
0100
11111
11001
10100
0001
0110
0000
11111
11100
11010
0000
0001
111010
