00000000000000000000000000000000000000000000000000000001010100100011111011101111011111011000110100111000000000000000000000000001
00000000000000000000000000000000000000000000000000000000000000000000110100100101000011111110001100111000000000000000000000000011
00000000000000000000000000000000000000000000000000000010101001100000110000000001110111110001111000010000000000000000000000000101
00000000000000000000000000000000000000000000000000000000000000101011100101110011010000111001011010010000000000000000000000100001
00000000000000000000000000000000000000000000000000000000000000000000000010101111110000111000110101011000000000000000000000100011
00000000000000000000000000000000000000000000000000000010101111001100000011000100110011101101111000010000000000000000000000100101
00000000000000000000000000000000000000000000000000000000000000110100100111111110111111110100000001000000000000000000000001000001
00000000000000000000000000000000000000000000000000000000000000000100111111111110010101100111111011010000000000000000000001000011
00000000000000000000000000000000000000000000000000000000000000100111001111000101001110101111111011011000000000000000000001000101
00000000000000000000000000000000000000000000000000000000000000000000001010100110011110111100110001011000000001000000000000000001
00000000000000000000000000000000000000000000000000000000000000000000000101010011011111110110110010011000000001000000000000000011
00000000000000000000000000000000000000000000000000000000000000001010100101111110000111111011001110000000000001000000000000000101
00000000000000000000000000000000000000000000000000000000000000000000000010101000001111110110011000100000000001000000000000100001
00000000000000000000000000000000000000000000000000000000000000000000000000000000010011100100001101100000000001000000000000100011
00000000000000000000000000000000000000000000000000000000000000010101001000111101111111101111001111010000000001000000000000100101
00000000000000000000000000000000000000000000000000000000000000000000000000000000000000000000000111001000000001000000000001000001
00000000000000000000000000000000000000000000000000000000000000000000000000000000000000000000000111001000000001000000000001000011
00000000000000000000000000000000000000000000000000000000000000000000000000000000000000101001001101010000000001000000000001000101
