100001000010000
100001000010000
100001000010000
100001000010000
100010000011111
110000100000000
100010000100000
110001000000000
100001100011000
100001100011000
100001100000111
100001100000111
100001000001000
100001000001000
100001000001000
100001000001000
100000100100111
100000100100111
100000100100111
100000100100111
100000100100111
100000100100111
100000100100111
100000100100111
100000100001111
100000100001111
100000100001111
100000100001111
100000100001111
100000100001111
100000100001111
100000100001111
100000100111111
100000100111111
100000100111111
100000100111111
100000100111111
100000100111111
100000100111111
100000100111111
100000100000000
100000100000000
100000100000000
100000100000000
100000100000000
100000100000000
100000100000000
100000100000000
