-59 000000
21 000001
-1 000010
68 000011
-26 000100
-66 000101
52 000110
71 000111
50 00100
-75 001010
-105 001011
-42 001100
46 001101
79 00111
61 01000
-63 010010
83 010011
-79 010100
43 010101
-7 010110
64 010111
34 011000
59 011001
57 01101
58 01110
77 011110
55 011111
0 10
67 110000
16 110001
78 110010
44 110011
72 110100
-50 110101
60 11011
28 111000
-73 1110010
62 1110011
92 1110100
10 1110101
49 111011
-17 111100
31 111101
42 111110
-40 111111
