03020304030305020302030403030502030203040303050203020304030305020302030403030502030203040303050203020303030305020200030201020302
05030506050506040503050605050604050305060505060405030506050506040503050605050604050305060505060406030506050506040301040502030302
05030506050506040503050605050604050305060505060405030506050506040503050605050604050305060505060406030506050506040301040502030303
05030506050506040503050605050604050305060505060405030506050506040503050605050604050305060505060406030506050506040301040502030303
05030506050506040503050605050604050305060505060405030506050506040503050605050604060305060505060406030506050506040301040502030303
05030506050506040503050605050604050305060505060405030506050506040503050605050604050305060505060406030506050506040301040502030303
05030506050506040503050605050604050305060505060405030506050506040503050605050604050305060505060406030506050506040301040502030303
05030506050506040503050605050604050305060505060405030506050506040503050605050604050305060505060406030506050506040301040502030303
01040605040304050104060504030405010406050403040501040605040304050104060504030405010406050403040501050606040304050002040302020404
03060806050406080306080605040608030608060504060803060806050406080306070605040608030607060504060803060807050405070103040303030606
03060806050406080306080605040608030608060504050803060806050405080306080605040508030608060504060803060806050405080103040303030606
03060806050406080306080605040508030608060504050803060806050406080306080605040608030608060504060803060806050405080103040303030606
03060806050406080306080605040608030608060504050803060806050406080306080605040608030608060504060803060806050406080103040303030606
03060806050406080306080605040608030608060504060803060806050406080306080605040608030608060504060803060806050406080103040303030606
03060806050406080306080605040608030608060504060803060806050406080306080605040608030608060504060803060806050405080103040303030606
03060806050406080306080605040608030608060504060803060806050406080306080605040608030608060504060803060806050406080103040303030606
03030403040304040303040304030304030304030403040403030403040304040303040304030304030304030403030404030403040304040102030103020203
06040303070405060604030307040506060403030704050606040303070305060604030307030506060403030703050606040303070305060303030105030203
06040303070305060604030307030506060403030703050606040303070305060604030307030506060403030703050606040303070305060203030105030203
06040303070305060604030307030506060403030703050606040303070405060604030307030506060403030703050606040303070305060303030105030203
06040303070305060604030307030506060403030703050606040303070405060604030307030506060403030704050606040303070305060303030106030203
06040303070305060604030307030506060403030703050606040303070405060604030307030506060403030704050606040303070305060303030105030203
06040303070305060604030307030506060403030703050606040303070405060604030307040506060403030703050606040303070305060303030105030203
06040303070405060604030307030506060403030703050606040303070405060604030307030506060403030704050606040303070305060203030105030203
02030400060103060203040006010306020304000601030602030400060103060203040006010306020304000601030602030500060103060103030004000203
03050702070305070305070207030507030507020703050703050702070305070305070207030507030507020703050703050803070305070204050204020404
03050702070305070305070207030507030507020703050703050702070305070305070207030507030507020703050703050703070305080203050204020404
03050702070305070305070207030507030507020703050703050702070305070305070207030507030507020703050703050803070305080203050204020404
03050702070305070305070207030507030507020703050703050702070305070305070207030507030507020703050703050803070305070203050204020404
03050702070305070305070207030507030507020703050703050702070305070305070207030507030507020703050703050803070305080203050204020404
03050702070305070305070207030507030507020703050703050702070305070305070207030507030507020703050703050803070305070203050204020404
03050702070305070305070207030507030507020703050703050702070305070305070207030507030507020703050703050803070305070203050204020404
00000000000000000000000000000000000000000000000000000000000000000101000101000100020201020201030103020304030305020302030403030502
00000000000000000000000000000000000000000000000000000000000000000201000101010202040202040302030305030506040406040503050605050604
00000000000000000000000000000000000000000000000000000000000000000201000102010202040202040302030305030506040406040503050605050605
00000000000000000000000000000000000000000000000000000000000000000201000101010202040202040302030305030506040406040503050605050604
00000000000000000000000000000000000000000000000000000000000000000201000101010202040202040303030305030506040406040503050605050604
00000000000000000000000000000000000000000000000000000000000000000201000101010202040202040302030305030506040406040503050605050604
00000000000000000000000000000000000000000000000000000000000000000201000102010202040202040302030305030506040406040504050605050604
00000000000000000000000000000000000000000000000000000000000000000201000102010202040202040302030305030506040406040503050605050604
00000000000000000000000000000000000000000000000000000000000000000001020201010001010203040201020201040605040204050104060504030405
00000000000000000000000000000000000000000000000000000000000000000201030202010001020304040402030403060706050405070306080605040608
00000000000000000000000000000000000000000000000000000000000000000201030202010001020304040402030403060706050405070306080605040608
00000000000000000000000000000000000000000000000000000000000000000201030202010001020304040402030403060706050405070306080605040608
00000000000000000000000000000000000000000000000000000000000000000201030202010001020304040402030403060706050405070306080605040608
00000000000000000000000000000000000000000000000000000000000000000201030202010001020304040402030403060706050405070306080605040608
00000000000000000000000000000000000000000000000000000000000000000201030202010001020304040402030403060706050405070306080605040608
00000000000000000000000000000000000000000000000000000000000000000201030202010001020304040402030403060706050405070306080605040608
00000000000000000000000000000000000000000000000000000000000000000100010100000101030103030201020103030404040304040303040304030404
00000000000000000000000000000000000000000000000000000000000000000200000101000102040202020402030306040303060405060604030307040506
00000000000000000000000000000000000000000000000000000000000000000200000101000102040202020402030306040303060405050604030307040506
00000000000000000000000000000000000000000000000000000000000000000200000101000102040202020402030306040303060305060604030307040506
00000000000000000000000000000000000000000000000000000000000000000200000101000102040202020402030306040303060405060604030307040506
00000000000000000000000000000000000000000000000000000000000000000200000101000102040202020402030306040303060405060604030307040506
00000000000000000000000000000000000000000000000000000000000000000200000101000102040202020402030306040303060305060604030307040506
00000000000000000000000000000000000000000000000000000000000000000200000101000102040202020402030306040303060405060604030307040506
00000000000000000000000000000000000000000000000000000000000000000000010001000002020203000401010502030400060103050203040006010306
00000000000000000000000000000000000000000000000000000000000000000001010002000002020305000502010603050702070305070305070207030507
00000000000000000000000000000000000000000000000000000000000000000001010002000003020305000502010603050702070305070305070207030507
00000000000000000000000000000000000000000000000000000000000000000001010002000003020305010502010603050702070305070305070207030507
00000000000000000000000000000000000000000000000000000000000000000001010002000003020305010502010603040702070305070305070207030507
00000000000000000000000000000000000000000000000000000000000000000001010002000002020305000502010603040702070305070305070207030507
00000000000000000000000000000000000000000000000000000000000000000001010002000003020305000502010603040702070305070305070207030507
00000000000000000000000000000000000000000000000000000000000000000001010002000003020305000502010603050702070305070305070207030507
05030506050506040503050605050604050305060505060405030506050506040503050605050604050305060505060406030506050506040301040502030303
05030506050506040503050605050604050305060505060405030506050506040503050605050604050305060505060406030506050506040301040502030303
05030506050506040503050605050604050305060505060405030506050506040503050605050604050305060505060406030506050506040301040502030303
05030506050506040503050605050604050305060505060406030506050506040603050705050604060305060505060406030506050506040301040502030303
06030506050506040603050605050604060305060505060406030506050506040603050705050604060305060505060406030506050506040301040502030303
06030506050506040603050605050604060305060505060406030506050506040603050605050604060305060505060406030506050506040301040502030303
06030507050506050603050705050604060305060505060406030506050506040603050605050604060305070505060406030506050506040302040503030303
04030205020303040403020502030304040302050203030404030205020303040403020502030304040302050203030404030305030303040202020402020202
03060806050406080306080605040608030608060504060803060806050406080306080605040608030608060504060803060807050405080103040303030606
03060806050406080306080605040608030608060504060803060806050406080306080605040608030608060504060803060807050406080103040303030606
03060806050406080306080605040608030608060504060803060806050406080306080605040608030608060504060803060807050406080103040303030606
03060806050506080306080605040608030608060504060803060806050406080306080605040608030608060505060803060806050506080103040303030606
03060806050506080306080605050608030608060505060803060806050506080306080605050608030608060505060803060806050506080103040303030606
03060806050506080306080605050608030608060504060803060806050506080306080605050608030608060504060803060807050406080103040303030606
03060806050506080306080605050608030608060505060803060806050506080306080605050608030608060505060803060807050506080103040403030606
03040503030204050304050303020405030505030302040503050503030204050304050303020405030405030302040503050504030204050103020201010404
06040303070405060604030307030506060403030704050606040303070405060604030307040506060403030704050606040303070305060303030105030203
06040303070405060604030307030506060403030703050606040303070405060604030307040506060403030704050606040303070405060303030106040203
06040303070405060604030307040506060403030704050606040303070405060604030307040506060403030704050606040303070405060303030106040203
06040303070405060604030307040506060403030704050606040303070405060604030307040506060403030704050606040303070405060303030105040203
06040303070405060604030307040506060403030704050606040303070405060604030307040506060403030704050606040303070405060303030106030203
06040303070405060604030307040506060403030704050606040303070405060604030307040506060403030704050606040303070405060203030106030203
06040303070405060604030307040506060403030704050606040303070405060604030307040506060403030704050606040303070405060203030106040203
04030102050102060403010205010206040301020501020504030102050102050403010205010206040301020501020604030102050102060203020103000102
03050702070305070305070207030507030507020703050703050702070305070305070207030507030507020703050703050803070305080203050204020404
03050702070305070305070207030507030507020703050703050702070305070305070207030507030507020703050703050803070305080204050204020404
03050702070305070305070207030507030507020703050703050702070305070305070207030507030507020703050703050803070305080204050204020404
03050702070305070305070207030507030507020703050703050702070305070305070207030507030507020703050703050803070305080203050204020404
03050702070305070305070207030507030507020703050703050702070305070305070207030507030507020703050703050803070305080203050204020404
03050702070305070305070207030507030507020703050703050702070305070305070207030507030507020703050703050803070305080203050204020404
03050703070305080305080307030508030507030703050703050703070305070305070307030508030507030703050803050803070305080204050204020404
02030402030303030203040203030303020304020303030302030402030303030203040203030303020304020303030302030502030403030202030102020202
00000000000000000000000000000000000000000000000000000000000000000201000102010202040202040302030305030506040406040503050605050605
00000000000000000000000000000000000000000000000000000000000000000201000102010202040202040303030305030506040406040504050705050605
00000000000000000000000000000000000000000000000000000000000000000201000102010202040202040303030305030506040406040504050605050605
00000000000000000000000000000000000000000000000000000000000000000201000102010202040202040303030305030506040406040504050705050605
00000000000000000000000000000000000000000000000000000000000000000201000102010202040202040303030305030506040406040603050705050605
00000000000000000000000000000000000000000000000000000000000000000201000102010202040202040303030305030506040406040603050705050605
00000000000000000000000000000000000000000000000000000000000000000201000102010202040202040303030306030506040406040604050705050605
00000000000000000000000000000000000000000000000000000000000000000100000000000101030100030101020204030205020304040403020502030304
00000000000000000000000000000000000000000000000000000000000000000201030202010001020304040402030403060706050405070306080605050608
00000000000000000000000000000000000000000000000000000000000000000201030202010001020304040402030403060706050405070306080605050608
00000000000000000000000000000000000000000000000000000000000000000201030202010001020304040402030403060706050405070306080605050608
00000000000000000000000000000000000000000000000000000000000000000201030202010001020304040402030403060706050405070306080605050608
00000000000000000000000000000000000000000000000000000000000000000201030202010001020304040402030403060706050405070306080605050608
00000000000000000000000000000000000000000000000000000000000000000201030202010001020304040402030403060706050405070306080605050608
00000000000000000000000000000000000000000000000000000000000000000202030202010002020304040302030403060706050405070306080605050608
00000000000000000000000000000000000000000000000000000000000000000201020101000000030203020201020203040403030204050305050303020405
00000000000000000000000000000000000000000000000000000000000000000200000101000102040202020402030306040303060405060604030307040506
00000000000000000000000000000000000000000000000000000000000000000200000101000102040202020402030306040303060405060604030307040506
00000000000000000000000000000000000000000000000000000000000000000200000101000102040202020402030306040303060405060604030307040506
00000000000000000000000000000000000000000000000000000000000000000200000101000102040202020402030306040303060405060604030307040506
00000000000000000000000000000000000000000000000000000000000000000200000101000102040202020402030306040303060405060604030307040506
00000000000000000000000000000000000000000000000000000000000000000200000101000102040202020402030306040303060405060604030307040506
00000000000000000000000000000000000000000000000000000000000000000201000101000102040202020402030306040303070405060604030307040506
00000000000000000000000000000000000000000000000000000000000000000100000001000002020100020301010304030102040102050403010205010205
00000000000000000000000000000000000000000000000000000000000000000001010002000003020305000502010603050702070305070305070207030507
00000000000000000000000000000000000000000000000000000000000000000001010002000003020305010502010603050702070305070305070307030507
00000000000000000000000000000000000000000000000000000000000000000001010002000003020305010502010603050702070305070305070207030507
00000000000000000000000000000000000000000000000000000000000000000001010002000003020305010502010603050702070305070305070307030507
00000000000000000000000000000000000000000000000000000000000000000001010002000003020305010502010603050702070305070305070307030507
00000000000000000000000000000000000000000000000000000000000000000001010002000003020305010502010603050702070305070305070307030507
00000000000000000000000000000000000000000000000000000000000000000101010002000003020405010502010603050702070305070305080307030508
00000000000000000000000000000000000000000000000000000000000000000000010001010001010203010203010202030402030302030203040203030303
