   0  -8  15   0   0   0   3   0   0   2   5  10   2   8   0   0   0   7   0  -6   7   0  -4   8   0   0   0   3   4   0   0   5   0   0   0   0   0   0   0   7   0   5   0  12  15   1   0   0   0  -3   5   7  -3   0  -3  10   0  -1  -2   0  12  -1   0   3
  10   0   1   0  15   0  -7   0   5   0   7  11   0   0   0   0  14   0   9   0   0  -3   0   0   6   0   0   0   0   0   0   0   3   0  -5   0   0  -2   0  13   0  11   0  -2  -2   0   3  -5   8  -1   0   0   0   2   0   0   0   0  -5  12   9   0   0   6
   0   0   0   0   0  12  -1   0   0  -2   0  14   0  13  13   0   6   0  -1   0   0  -7   0   0   1  15  11   0   0   0   5  15  11  -7  -3   0   9   0   0  -4  10   0   2   0   9   0   0  -5   5  13  11  14   0   0  14   0   6   0  -4  11   0   0   3   6
   0   0   0  -8   0  -2   0   0   0   4   0  -6   0  13  -6  -3  -5   4   0  -8   0   5  -3   0   0  -2   3  14  13  -2   0  -5  -2   0   0   0   0   0   0   6   0  -7   0  -7   0   7  -1   2   0   0   0  12   0   0   0  11   0  -5  11   0   0   0   7   1
   2   0  -6  -2   0   0   0  14  -7   7   0  10   4   0   0  13   0  -7   0  10  -4   0  -6   8   6   0  -5  -2  10   0  11   0   9   0   2   0   0   0  -5   8  12  -7  -7   0   0   0   0  12   0  11   2  -2   0  -2   3   0  14  13   6   0   0   0   2   2
   0  12   0   0   6  11  -1   0  -8  15   0  -6   0  -8  -4   0  -2  15   0   0   8  13   0   0   0   0   0   6   0  15  -3   0  -1   0   0  -5   0   0   0   0  -6  -3  -8  -7   0   0   2   0   0   0   0  -1  -8  -3   0   0   0   0  -5  10  -7   0  -8   2
   0   0  -6   0   0   0   0  -7   6   4   0   0   0   6  10   0  -8   0  -5  -2   0   0   0  10   0   0   0   0   0  11   0   0   0   0   0   7  -2  -3   8   0   0   4   1   0   0   0   0   0  -5  -6   1   0   0   0   0   0   0  -1  11  15   2  -7   0   3
  12   0   0   0  12   0   0   0   0   0  -5  11  -3  -8   3   0  15   0  -6  -4  14   0   0   0  -4  14   0  -1   8   5   0   0   0   0  -3   0   4   0   9   7  13  13   0   0  -7   8   0   0   0  -2  13   0   0  13  -8   0   0   8   0   0  -8   0   0   4
   0   0  12   6   1  14   0   2   6   7   0   0  -6   0  -5   0   0   0   5   0  -4   0  15   0  -2  15   0  -2   0  -7   0   0   2   1   9   0   0   0   0  -1  -3   0   0   0  -2  11   0   0   5   0  12  -2   4  -7  14   2   0  11   5  -5  12   8   0   0
  -2   0  13  -2  15   0   0   0   0   0   0   0   1   1   0   4   0  13   0   8  -7   0   2   0   1   0   6   0   0   0   0   0   8   0  -2   0   3   3   0   0  15   0  -5  -7   3  10   0   4   0   0   2   4   0   0  14  -3  14  -7   9   0   0   0   5   6
   0   0  -4  13   2   0  -7   8  12   0  15   0  12  -1  -3   0  -4   0   2  11   1   1   3  14  15   1   0   6  15   0   5  -3  -7  11   7   0   9   0   0   0   0   6   5   0   0  13  12   0   2   3   0   0  -2   0   0   0   0   0   0   0   3   0  -2   0
   0   0   0   0   0  -7   0  14   0  10   0  -4  13   0  -8   0   0   7   0   0  -1   3  10   0   0  12  -5   0  14   0   0   0   0   0   0  -7   0   0  13   0   0   0   0   9  10   0  14   6   2   0   0   0   0   2   1   0   4  -4   0   7   5   0  13  -1
   6  14   3   0   8   0   2   0   0  -7   3   0   6   0   0  -6   0   0   2   2   3   0   0  -8  12   6   0   0   0  15  15  -5   0   0   8   5   0  10   0   9   0  -4   0  -5  -4   0   0   7   0   0  -1   4   0  -5  10   0   9   0  12   0   4   0   0   0
  -6   0   0  13  12  14  15  -7   0   0   7   0   2  10  14   2   0   0  -2   8   5   0   0   0   5  12   0  -6   0   0  -3   0   0   0   0   0   0   0  -5   0   0   9   8   3  -2  14   0   6  10   0   0   0   0   0   0   3   0   0   0  -7  -1   0   0   0
   0   0  14  12   0   0   0   0   0  -6   0   3  -6  12   9   0   6  -4   0  -5   0   0   0   0  -1   6  15   0   4  13   0   0   0  12   0  11  -2  -4   0   0   0   0   0   0   0  15  -1   6   0   6   0   2   0   0   0   2  -4   0   0  -3   4  -8  13   0
   1   0  -7   0  -8   0   0  13  15  12   0   0   0   0   0   9   3   1  -6   0   0   0   0   6   0   0   1  -3   6   0  11   2  -8   3   0   0   0   0   9  -4   0   6   0   0   0   4   0   0  -1  10   0   0   0   0  10  13   6  -1   5  12  -4  -7   0  -5
   0   9   0  14   0  -8  -8   0   0   0   9  13  -8   0   2   0   0   0   8   0   0   0  -4  -1   0  -6   0   2   9   0  -3   0   0   3   3   5  -8   0  12  -6   0  10  13  -1  -2  -4   3  11   0   0   0   0  -2   8  11   8  13  -4   0   0   0   0   3   0
   0  -1   0   0  -5   0  15   0   0   0  -6   0   0   0   0   2   0   0   0   3  12   0   0   0   7   0   0  -1   3   0   0   0  14   0   0  -2  -2   0  12  14  -6   0   9  -1   0   3  15  14   0   0  -4   8   0  15   0   0   0   0   0   0   0   0  -1   0
