00000000000000000000000000000000
00000000000000000000000000000000
00000000000000000000000000000000
00000000000000000000000000000000
00000000000000000000000000000000
00000000000000000000000000000000
00000000000000000000000000000000
00000000000000000000000000000000
00000000000000000000000000000000
00000000000000000000100000000000
00000000000000000001110000000000
00000000000000000000100000000000
00000000000000000000000000000000
00000000000000000000000000000000
00000000000000000000000000000000
00000000000100000000000000000000
00000000001110000000000000000000
00000100000111000000000000000000
00001110000111000000000000000000
00001110000010000000000000000000
00000100000001100000000000000000
00000001001111110000000000000000
00000111111111111000000000000000
00001111111111111100000000000000
00001111111111111110000000000000
00000111111111111111000000000000
00000111111111111111000000000000
00000111111111111110000000000000
00000011001111110000000000000000
00000000000011000000000000000000
00000010001000000000000000000000
00000111011100000000000000000000
00000111111000000000000000000000
00000011111111011000001000000000
00000111111111111100011100000000
00000111111111011000001000000000
00001111111110000000000000000000
00001111011110000000000000000000
00000110011100000000000000000000
00000000111110000000000000000000
