000001110000
101001110000
010001110000
111110110000
010001110000
101001110000
111110110000
100110110000
100001110000
010101110000
111001110000
101001110000
011001110000
000101110000
110101110000
011101110000
000110010000
010110010000
010110010000
110110010000
001110010000
101110010000
001110010000
110110010000
100110010000
000110010000
010110010000
001110010000
010110010000
000110010000
000110010000
100110010000
011101010000
011101010000
010101010000
111001010000
000101010000
100101010000
000101010000
000101010000
111001010000
011001010000
000101010000
110101010000
110101010000
001101010000
001101010000
101101010000
010110110000
011010110000
001110110000
010001110000
110001110000
001001110000
110101110000
110011110000
100011110000
111101110000
000111110000
010000001000
011100001000
110110001000
101110001000
000001001000
