10011000
10011000
10011000
10011000
10011000
10011000
10011000
10011000
10011000
10011000
10011000
10011000
10011000
10011000
10011000
10011000
00011000
00011000
00011000
00011000
00011000
00011000
00011000
00011000
00011000
00011000
00011000
00011000
00011000
00011000
00011000
00011000
00011000
00011000
00011000
00011000
00011000
00011000
00011000
00011000
00011000
00011000
00011000
00011000
00011000
00011000
00011000
00011000
11101000
11101000
11101000
11101000
11101000
11101000
11101000
11101000
11101000
11101000
11101000
11101000
11101000
11101000
11101000
11101000
01101000
01101000
01101000
01101000
01101000
01101000
01101000
01101000
01101000
01101000
01101000
01101000
01101000
01101000
01101000
01101000
01101000
01101000
01101000
01101000
01101000
01101000
01101000
01101000
01101000
01101000
01101000
01101000
01101000
01101000
01101000
01101000
10101000
10101000
10101000
10101000
10101000
10101000
10101000
10101000
10101000
10101000
10101000
10101000
10101000
10101000
10101000
10101000
10101000
10101000
10101000
10101000
10101000
10101000
10101000
10101000
10101000
10101000
10101000
10101000
10101000
10101000
10101000
10101000
11001000
11001000
11001000
11001000
11001000
11001000
11001000
11001000
10101000
10101000
10101000
10101000
10101000
10101000
10101000
10101000
01001000
01001000
01001000
01001000
01001000
01001000
01001000
01001000
10101000
10101000
10101000
10101000
10101000
10101000
10101000
10101000
01001000
01001000
01001000
01001000
01001000
01001000
01001000
01001000
00101000
00101000
00101000
00101000
00101000
00101000
00101000
00101000
10001000
10001000
10001000
10001000
10001000
10001000
10001000
10001000
11001000
11001000
11001000
11001000
11001000
11001000
11001000
11001000
00001000
00001000
00001000
00001000
00001000
00001000
00001000
00001000
01001000
01001000
01001000
01001000
01001000
01001000
01001000
01001000
00001000
00001000
00001000
00001000
00001000
00001000
00001000
00001000
01001000
01001000
01001000
01001000
01001000
01001000
01001000
01001000
11110000
11110000
11110000
11110000
11110000
11110000
11110000
11110000
10001000
10001000
10001000
10001000
10001000
10001000
10001000
10001000
11110000
11110000
11110000
11110000
11110000
11110000
11110000
11110000
10001000
10001000
10001000
10001000
10001000
10001000
10001000
10001000
