00000000000000000000000000000000000000000000000000000000000000000000000001001100000100011001110110110000000000000000000000000001
00000000000000000000000000000000000000000000000000000000000100001011101101110001110100111101111001010000000000000000000000000011
00000000000000000000000000000000000000000000000001010111110110101111100001100111110100010100000111000000000000000000000000000101
00000000000000000000000000000000000010100110011100111110100110001011000110011000001010110111011111100000000000000000000000100001
00000000000001000011111101101011011010100000011100011011010101011110100100110111100011101101110110011000000000000000000000100011
11111001010010000010100001100100000111100010000010110100010001011000100001111100111010110000111111011000000000000000000000100101
00000000000000000000000000000000000000000000000000000000000000000000000000000000000000001000011000000110011100110011111100101000
00000000000000000000000000000000000000000000000000000000000000000000100001001000001010100001110101111000000000000000000001000001
00000000000000000000000000000000000000000000000000000000000000000000010000111110100010110000000110011000000000000000000001000011
00000000000000000000000000000000000000000000000000000000000000000000100011011000000000101111011110010000000000000000000001000101
00000000000000000000000000000000000000000000000000000000000000000000000000000011000110100011101001000000000000000000001000000001
00000000000000000000000000000000000000000000000000000010100000101001111110000111110001101110001101000000000000000000001000000011
00000000000000000000000000000000000000000000000000000000000000000000011000110111110111111110011010111000000000000000001000000101
00000000000000000000000000000000000000000000000000000000000000000000000000000000000000000000000101101000000000000000001000100001
00000000000000000000000000000000000000000000000000111110110000110000100100110100111010011100110010010000000000000000001000100011
00000000000000000000000000000000000000000000000000000000000000000000000000000000000000000000000101101000000000000000001000100101
00000000000000000000000000000000000000000000000000000000000000000000000000000000000000000000000101101000000000000000001001000001
00000000000000000000000000000000000000000000000000000000000000000000000000000000000000000000000101101000000000000000001001000011
00000000000000000000000000000000000000000000000000000000000000000000000000000000001100111010011100000000000000000000001001000101
00000000000000000000000000000000000000000000000000000000000000000000000000001010100111100011101010110000000001000000000000000001
00000000000000000000000000000000010111111110011111111011101101001111110101110001110100000110011101111000000001000000000000000011
00000000000000000000000000000000000000000000000000000000000000000110000010011110100010100010000011111000000001000000000000000101
00000000001010111110010101000100111011110110100100111000001010110101100001011000101110011000111000100000000001000000000000100001
10101010010111001111101111110001010100010110101001111100011101010001100100000011011101001110011101111000000001000000000000100011
00000000000000000000000000000000000000000000000000000000000000000000000000000000000000000000000000000000000000000000000000001010
00000000000000010100111011101101000101100111101101001000001101000001110110111111011110111000101101110000000001000000000000100101
00000000000000000000000000000010011010101101101100110110100110100011001011000011100010010111010011000000000001000000000001000001
00000001001101011110100111000001100000111001011010000100010111101100010110101010010001110111011100010000000001000000000001000011
00000000000000000000000000000000000010011010101110001000001111001110100001010010111110100100010110110000000001000000000001000101
00000000000000000000000000000000000000000000000000000000000000000000000000000000000000000000000101101000000001000000001000000001
00000000000000000000000000000000000000000000000000000000000000000000000000000000001011001011100001111000000001000000001000000011
00000000000000000000000000000000000000000000000000000000000000000000000000000000000000000000000101101000000001000000001000000101
00000000000000000000000000000000000000000000000000000000000000000000000000000000000000000000000101101000000001000000001000100001
00000000000000000000000000000010110110011001000110101100100001001110111000101100000110110001110000111000000001000000001000100011
00000000000000000000000000000000000000000000000000000000000000000000000000000000000000000000000101101000000001000000001000100101
00000000000000000000000000000000000000000000000000000000000000000000000000000000000000000000000101101000000001000000001001000001
00000000000000000000000000000000000000000000000000000000000000000000000000000000000000000000000101101000000001000000001001000011
00000000000000000000000000000000000000000000000000000000000000000000000000000001110110011001101010010000000001000000001001000101
00000000000000000000000000000000000000000000000000000000000000000000000000000000000000000000000101101000000010000000000000000001
00000000000000000000000000000001100110010010001000101111111011001110100111110000111000011110000111111000000010000000000000000011
00000000000000000000000000000000000000000000000000000000000011000110101011111110110100000110010101011000000010000000000000000101
00110101010110000010110011011111000011000110111011011111001110010011011011001010011000111010001001111000000010000000000000100001
00000000000000000000000000000000000000000000000000000000000000000000000000000000000000000000000000000000000000000000000010011010
11101101000100110010000010011011000111001101111111111000000110111100010011010101101010011110010111011000000010000000000000100011
00000000000000000000000000000000000000000000000000000000000000000000000000000000000000000000000000001100110000111110111111101100
00110011000000100111110101111001001000111100001010001110100101110001100001000111111101001101000100100000000010000000000000100101
00000000000000000000000000000000000000000000000000000000000000000001100000101000110001001101111111010000000010000000000001000001
00000000000000000000000000000000000000000000000000000000000110111011111011011111001101100111110111110000000010000000000001000011
00000000000000000000000000000000000000000000000000000000000000000000000000000000000000000000000101101000000010000000000001000101
00000000000000000000000000000000000000000000000000000000000000000000000000000000000000000000000101101000000010000000001000000001
00000000000000000000000000000000000000000000000000000000000000000000000000000000101110011001111011011000000010000000001000000011
00000000000000000000000000000000000000000000000000000000000000000000000000000000000000000000000101101000000010000000001000000101
00000000000000000000000000000000000000000000000000000000000000000000000000000000001011001011100001111000000010000000001000100001
00000000000000000000000000000000000000000000000000000000000000001110101100000000010000110011100001111000000010000000001000100011
00000000000000000000000000000000000000000000000000000000000000000000000000000000000000000000000101101000000010000000001000100101
00000000000000000000000000000000000000000000000000000000000000000000000000000000000000000000000101101000000010000000001001000001
00000000000000000000000000000000000000000000000000000000000000000100001101111001111110010001111010110000000010000000001001000011
00000000000000000000000000000000000000000000000000000000000000000000000000000000000000000000000101101000000010000000001001000101
00000000000000000000000000000000000000000000000000000000000001011111100110110100111011111110011000111000000011000000000000000001
01010111111110001100100000011010001010100110111010110111010111001100100101111001101001100000010111010000000011000000000000000011
00000000000000000000000000000000000000000000000000000000000000000000000000000000000000000000000000000000000000000000000000001010
01010001000010111110100010011111000110111001111000101000100000101011110000010110011011100110010010111000000011000000000000000101
00000000000000000000000000000000000000000000000000000000000000000000000000000000000000000000000000000000000000000100110000100100
00000000000000100110001110001011011111010111110111111110111100000011011111010011010111110111011001011000000011000000000000100001
00000000010101010111010001011001000101010111100101001011101000011110010111000110010110011000100111100000000011000000000000100011
11111101111011010110110101101010100010100000100111010011111110010000100110111111111001111010100000011000000011000000000000100101
00000000000000000000000000000000000000000000000000000000000000000000000000000000000000000000000000001001100110101001111110111100
00000000000000000000000000000000000000000000000000000000010100000111111000101111011100011101010100111000000011000000000001000001
00000000000000000000000000000000000000000000000000000000111101010101101101111111101101001011001110111000000011000000000001000011
00000000000000000000000000000000000000000000000000000000000000101001000000001110110101110001100101010000000011000000000001000101
00000000000000000000000000000000000000000000000000000000000000000000000000000000000000000000000101101000000011000000001000000001
00000000000000000000000000000000000000000000000000000000000000000000111100100100000111000110101010000000000011000000001000000011
00000000000000000000000000000000000000000000000000000000000000000000000000000000000000000000000101101000000011000000001000000101
00000000000000000000000000000000000000000000000000000000000000000000000000000000000000000000000101101000000011000000001000100001
00000000000000000000000000000000000000000000000000000000000000000000000000000000000000000000000101101000000011000000001000100011
00000000000000000000000000000000000000000000000000000000000000000000000000000000000000000000000101101000000011000000001000100101
00000000000000000000000000000000000000000000000000000000000000000000000000000000000000000000000101101000000011000000001001000001
00000000000000000000000000000000000000000000000000000000000000000000000000000000000000000000000101101000000011000000001001000011
00000000000000000000000000000000000000000000000000000000000000000000000000000001000011001111011010000000000011000000001001000101
