60
2
1
20
27
12
4
22
16
16
6
3
12
15
8
16
9
3
20
6
1
8
12
5
7
4
17
3
2
4
1
6
3
2
16
3
2
4
27
32
4
35
24
4
31
4
28
27
36
4
7
33
19
3
24
36
63
11
33
1
2
16
63
63
63
3
60
27
1
35
3
1
23
1
16
16
3
4
2
22
35
27
1
15
1
2
6
2
6
3
3
20
3
1
16
1
2
6
8
3
3
24
17
2
6
5
3
3
0
27
3
14
8
11
0
2
1
23
1
17
2
6
11
3
23
1
17
8
11
63
12
51
63
63
12
3
4
1
1
2
40
63
63
63
11
52
63
4
12
11
24
1
2
9
3
1
23
36
4
11
5
7
9
7
1
8
11
3
1
11
5
16
2
5
1
2
6
2
9
4
16
15
1
2
6
2
6
2
9
20
28
15
16
3
24
20
63
63
60
3
63
12
51
12
1
2
48
63
63
28
31
4
63
11
33
16
3
3
1
8
23
1
2
5
9
8
3
3
9
2
22
2
5
1
8
8
2
1
0
11
17
16
8
8
2
1
3
1
23
1
8
8
8
8
3
2
2
5
3
2
22
8
10
6
2
1
8
20
16
19
3
25
29
6
9
48
3
3
63
5
32
26
63
63
63
63
63
63
59
4
