0110110
0001000
10
0101001
110010
111011
10
000111
0100010
00110000
0101101
10
00111111
1101010
00110001
00110010
001110
10
1100110
0111000
110010
1111010
1101100
0000010
1101011
10
1101111
1101011
1111100
0001101
0001011
00001000
00001001
00101000
00101001
00110011
110000
10
1111010
0101010
10
1100110
1101000
10
01001111
000000
10
00010010
10
0001011
1101100
0000111
10
1110101
1111111
10
10
0100100
110010
110010
0001100
10
10
10
10
0000011
10
01101010
1111001
10
1111011
110000
111000
1111110
1101110
1110011
10
1111100
0001010
01111001
10
001000
1100111
001101
0101101
0000111
0010110
1110010
0101001
10
1111011
1110010
000000
110001
111000
00101011
00101010
1111101
01110100
10
01110110
01110111
1101101
01011000
0010110
01101000
111011
10
0001100
001000
01101001
01011001
1101101
10
0100011
110001
0101011
001101
001000
1101001
011000
110010
10
0110110
01001011
0101000
1110011
0100011
10
10
1111000
10
10
10
111000
001101
0001101
1101110
00010011
110001
10
10
10
10
01001010
10
10
1111110
111000
000111
0111001
1110100
001001
10
1101010
110000
1101111
10
1111001
0111000
01001101
01001110
0110111
011000
0110011
0000110
10
1101110
1111001
1101010
000111
0000011
111011
110001
010000
0110010
0110111
1111100
10
001001
0110010
110001
000111
0101110
010000
001001
1110101
010000
10
0101111
001000
10
0111110
001101
1111101
10
10
10
1101101
001110
10
1111000
10
1111000
011000
000000
10
10
10
01101011
01111110
10
10
111000
1111110
1101100
10
0101110
0000110
1100111
01001100
111011
111011
0101000
0000010
01111111
10
1110100
1100111
1101000
1110101
0001010
1110011
00111110
00101111
0001000
0100100
10
1101001
1111010
0111110
00111101
1101111
1111101
001110
10
00111100
0110011
011000
01111000
1110100
01111010
001001
00101110
10
110000
0101111
1111111
010000
1111111
0111001
0100010
1101011
01111011
0101011
10
1110010
111000
1101000
10
111011
1101001
1111011
10
0101010
01110101
000000
10
10
00001010
001110
10
10
10
10
10
10
10
00001011
10
