-34
-45
0
9
-37
40
0
44
4
61
-49
0
58
-19
-8
-12
-38
0
-4
-17
-37
-24
-29
12
20
0
50
20
33
-9
-61
57
36
68
55
-62
27
0
-24
22
0
-4
17
0
-63
-22
0
26
0
-61
-29
-39
0
28
41
0
0
-41
-37
-37
-30
0
0
0
0
32
0
-10
31
0
-64
27
-31
23
-42
-5
0
33
54
46
0
-26
19
-25
-49
-39
-52
-35
9
0
-64
-35
-22
-33
-31
-87
-76
-47
37
0
-48
-15
-43
-46
-52
53
40
0
-30
-26
-1
-6
-43
0
-40
-33
-59
-25
-26
-50
-27
-37
0
-34
-20
-16
-5
-40
0
0
-28
0
0
0
-31
-25
-9
-42
-36
-33
0
0
0
0
51
0
0
23
-31
44
15
24
35
0
-19
27
50
0
31
-17
47
-13
30
-27
29
21
0
-42
31
-19
44
32
40
-33
34
43
30
33
0
35
43
-33
44
38
34
35
28
34
0
25
-26
0
-56
-25
-47
0
0
0
-43
-38
0
-28
0
-28
-27
-22
0
0
0
-2
62
0
0
-31
23
-29
0
38
21
19
56
40
40
-16
12
-44
0
24
19
17
28
54
-5
7
3
-45
-41
0
-50
-24
-56
59
50
-47
-38
0
52
29
-27
-67
24
16
35
-70
0
27
25
41
34
41
15
4
20
-69
-59
0
-35
-31
17
0
40
-50
-64
0
22
-95
-22
0
0
-23
-38
0
0
0
0
0
0
0
-21
0
