00000000000000000000000000000000000000000000000000000000000000000000000000001000001010110011100110101000000000000000000000000001
00000000000000000000000000000000000000000000000000000000000000000000000000001000001010110011100110101000000000000000000000000011
00000000000000000000000000000000000000000000000000000000000000000000000000000100000101011001110011011000000000000000000000000101
00000000000000000000000000000000000000000000000000000000000000000000000000000000000010000010101100111000000000000000000000000111
00000000000000000000000000000000000000000000000000000000000000000000000000000000000000000010000100111000000000000000000000001001
00000000000000000000000000000000000000000000000000000000000000000000000000000000000000000010000100111000000000000000000000100001
00000000000000000000000000000000000000000000000000000000000000000000000000000100000101011011010011011000000000000000000000100011
00000000000000000000000000000000000000000000000000000000000000000000000000000100000101011011010011011000000000000000000000100101
00000000000000000000000000000000000000000000000000000000000000000000000000000100000101011011010011011000000000000000000000100111
00000000000000000000000000000000000000000000000000000000000000000000000000000000000000000010000100111000000000000000000000101001
00000000000000000000000000000000000000000000000000000000000000000000000000000100000101011001110011011000000000000000000001000001
00000000000000000000000000000000000000000000000000000000000000000000000000000100000101011011010011011000000000000000000001000011
00000000000000000000000000000000000000000000000000000000000000000000000000000100000101011011010011011000000000000000000001000101
00000000000000000000000000000000000000000000000000000000000000000000000000000000000100001011010011011000000000000000000001000111
00000000000000000000000000000000000000000000000000000000000000000000000000000000000000000010000100111000000000000000000001001001
00000000000000000000000000000000000000000000000000000000000000000000000000000000001000010110100110101000000000000000000001100001
00000000000000000000000000000000000000000000000000000000000000000000000000001000001010110110100110101000000000000000000001100011
00000000000000000000000000000000000000000000000000000000000000000000000000000000000000000010000101101000000000000000000001100101
00000000000000000000000000000000000000000000000000000000000000000000000000000000000000000010000101101000000000000000000001100111
00000000000000000000000000000000000000000000000000000000000000000000000000000000000000000010000100111000000000000000000001101001
00000000000000000000000000000000000000000000000000000000000000000000000000000000000000000010000100111000000000000000000010000001
00000000000000000000000000000000000000000000000000000000000000000000000000000000000000000010000100111000000000000000000010000011
00000000000000000000000000000000000000000000000000000000000000000000000000000000000000000010000100111000000000000000000010000101
00000000000000000000000000000000000000000000000000000000000000000000000000000000000000000010000100111000000000000000000010000111
00000000000000000000000000000000000000000000000000000000000000000000000000000000000000000010000100111000000000000000000010001001
00000000000000000000000000000000000000000000000000000000000000000000000000000000000000000010000100101000000001000000000000000001
00000000000000000000000000000000000000000000000000000000000000000000000000000000000010000011111100101000000001000000000000000011
00000000000000000000000000000000000000000000000000000000000000000000000000000111101011011001111110011000000001000000000000000101
00000000000000000000000000000000000000000000000000000000000000000000000000000111101011011001011100101000000001000000000000000111
00000000000000000000000000000000000000000000000000000000000000000000000000000000011110000101011100101000000001000000000000001001
00000000000000000000000000000000000000000000000000000000000000000000000000000000000010000011111100101000000001000000000000100001
00000000000000000000000000000000000000000000000000000000000000000000000000001111010111111001111110011000000001000000000000100011
00000000000000000000000000000000000000000000000000000000000000000000000000011110101111110010000110011000000001000000000000100101
00000000000000000000000000000000000000000000000000000000000000000000000000001111010111111001111110011000000001000000000000100111
00000000000000000000000000000000000000000000000000000000000000000000000000000000011110000101011100101000000001000000000000101001
00000000000000000000000000000000000000000000000000000000000000000000000000000000000000010001001011111000000001000000000001000001
00000000000000000000000000000000000000000000000000000000000000000000000000000111101011111110010100001000000001000000000001000011
00000000000000000000000000000000000000000000000000000000000000000000000000011110101111110010000110011000000001000000000001000101
00000000000000000000000000000000000000000000000000000000000000000000000000011110101111110011111100101000000001000000000001000111
00000000000000000000000000000000000000000000000000000000000000000000000000000000000000000111100000011000000001000000000001001001
00000000000000000000000000000000000000000000000000000000000000000000000000000000000000001000100101011000000001000000000001100001
00000000000000000000000000000000000000000000000000000000000000000000000000000000111101011011100101011000000001000000000001100011
00000000000000000000000000000000000000000000000000000000000000000000000000000000000000000111100000011000000001000000000001100101
00000000000000000000000000000000000000000000000000000000000000000000000000000000000000000000000001110000000001000000000001100111
00000000000000000000000000000000000000000000000000000000000000000000000000000000000000000000000001110000000001000000000001101001
00000000000000000000000000000000000000000000000000000000000000000000000000000000000000000000000001110000000001000000000010000001
00000000000000000000000000000000000000000000000000000000000000000000000000000000000000000000000001110000000001000000000010000011
00000000000000000000000000000000000000000000000000000000000000000000000000000000000000000000000001110000000001000000000010000101
00000000000000000000000000000000000000000000000000000000000000000000000000000000000000000000000001110000000001000000000010000111
00000000000000000000000000000000000000000000000000000000000000000000000000000000000000000000000001110000000001000000000010001001
00000000000000000000000000000000000000000000000000000000000000000000000000000000000000000000000001110000000010000000000000000001
00000000000000000000000000000000000000000000000000000000000000000000000000000000000000000010000101001000000010000000000000000011
00000000000000000000000000000000000000000000000000000000000000000000000000001111010110101001011101001000000010000000000000000101
00000000000000000000000000000000000000000000000000000000000000000000000000001111010110101001011101001000000010000000000000000111
00000000000000000000000000000000000000000000000000000000000000000000000000000000000000000000000001110000000010000000000000001001
00000000000000000000000000000000000000000000000000000000000000000000000000000000111100001010101101001000000010000000000000100001
00000000000000000000000000000000000000000000000000000000000000000000000000000000000001000001011101001000000010000000000000100011
00000000000000000000000000000000000000000000000000000000000000000000000000000111101011011001011101001000000010000000000000100101
00000000000000000000000000000000000000000000000000000000000000000000000000000111101011011001011101001000000010000000000000100111
00000000000000000000000000000000000000000000000000000000000000000000000000000000000001000001011101001000000010000000000000101001
00000000000000000000000000000000000000000000000000000000000000000000000000000000011110000101011101001000000010000000000001000001
00000000000000000000000000000000000000000000000000000000000000000000000000000111101011011001011101001000000010000000000001000011
00000000000000000000000000000000000000000000000000000000000000000000000000000111101011011001011101001000000010000000000001000101
00000000000000000000000000000000000000000000000000000000000000000000000000000111101011011001011101001000000010000000000001000111
00000000000000000000000000000000000000000000000000000000000000000000000000000000000001000001011101001000000010000000000001001001
00000000000000000000000000000000000000000000000000000000000000000000000000000000111100001010101101001000000010000000000001100001
00000000000000000000000000000000000000000000000000000000000000000000000000001111010110101001011101001000000010000000000001100011
00000000000000000000000000000000000000000000000000000000000000000000000000001111010110101001011101001000000010000000000001100101
00000000000000000000000000000000000000000000000000000000000000000000000000000000000000000010000101001000000010000000000001100111
00000000000000000000000000000000000000000000000000000000000000000000000000000000000000000010000101001000000010000000000001101001
00000000000000000000000000000000000000000000000000000000000000000000000000000000000000000010000101001000000010000000000010000001
00000000000000000000000000000000000000000000000000000000000000000000000000000000000000000010000101001000000010000000000010000011
00000000000000000000000000000000000000000000000000000000000000000000000000000000000000000010000101001000000010000000000010000101
00000000000000000000000000000000000000000000000000000000000000000000000000000000000000000010000101001000000010000000000010000111
00000000000000000000000000000000000000000000000000000000000000000000000000000000000000000010000101001000000010000000000010001001
00000000000000000000000000000000000000000000000000000000000000000000000000000000000000000000000001110000000011000000000000000001
00000000000000000000000000000000000000000000000000000000000000000000000000000000000000000000000001110000000011000000000000000011
00000000000000000000000000000000000000000000000000000000000000000000000000000000000000000111100000011000000011000000000000000101
00000000000000000000000000000000000000000000000000000000000000000000000000000000000000000111100000011000000011000000000000000111
00000000000000000000000000000000000000000000000000000000000000000000000000000000000000000000000001110000000011000000000000001001
00000000000000000000000000000000000000000000000000000000000000000000000000000000000000000000000001110000000011000000000000100001
00000000000000000000000000000000000000000000000000000000000000000000000000000000000000000111100000011000000011000000000000100011
00000000000000000000000000000000000000000000000000000000000000000000000000000000000000000111100000011000000011000000000000100101
00000000000000000000000000000000000000000000000000000000000000000000000000000000000000000111100000011000000011000000000000100111
00000000000000000000000000000000000000000000000000000000000000000000000000000000000000000111100000011000000011000000000000101001
00000000000000000000000000000000000000000000000000000000000000000000000000000000000000000000000001110000000011000000000001000001
00000000000000000000000000000000000000000000000000000000000000000000000000000000000000000111100000011000000011000000000001000011
00000000000000000000000000000000000000000000000000000000000000000000000000000000000000001111000001111000000011000000000001000101
00000000000000000000000000000000000000000000000000000000000000000000000000000000000000000111100000011000000011000000000001000111
00000000000000000000000000000000000000000000000000000000000000000000000000000000000000000111100000011000000011000000000001001001
00000000000000000000000000000000000000000000000000000000000000000000000000000000000000000000000001110000000011000000000001100001
00000000000000000000000000000000000000000000000000000000000000000000000000000000000000000111100000011000000011000000000001100011
00000000000000000000000000000000000000000000000000000000000000000000000000000000000000000111100000011000000011000000000001100101
00000000000000000000000000000000000000000000000000000000000000000000000000000000000000000000000001110000000011000000000001100111
00000000000000000000000000000000000000000000000000000000000000000000000000000000000000000000000001110000000011000000000001101001
00000000000000000000000000000000000000000000000000000000000000000000000000000000000000000000000001110000000011000000000010000001
00000000000000000000000000000000000000000000000000000000000000000000000000000000000000000000000001110000000011000000000010000011
00000000000000000000000000000000000000000000000000000000000000000000000000000000000000000000000001110000000011000000000010000101
00000000000000000000000000000000000000000000000000000000000000000000000000000000000000000000000001110000000011000000000010000111
00000000000000000000000000000000000000000000000000000000000000000000000000000000000000000000000001110000000011000000000010001001
00000000000000000000000000000000000000000000000000000000000000000000000000000000000000000000000001110000000100000000000000000001
00000000000000000000000000000000000000000000000000000000000000000000000000000000000000001010100011111000000100000000000000000011
00000000000000000000000000000000000000000000000000000000000000000000000000000000010101000111110011011000000100000000000000000101
00000000000000000000000000000000000000000000000000000000000000000000000000000000010101000111110011011000000100000000000000000111
00000000000000000000000000000000000000000000000000000000000000000000000000000000000000000101010001011000000100000000000000001001
00000000000000000000000000000000000000000000000000000000000000000000000000000000101010001111100111111000000100000000000000100001
00000000000000000000000000000000000000000000000000000000000000000000000000000000101010001111100111111000000100000000000000100011
00000000000000000000000000000000000000000000000000000000000000000000000000000001010100010000100111111000000100000000000000100101
00000000000000000000000000000000000000000000000000000000000000000000000000000000101010001111100111111000000100000000000000100111
00000000000000000000000000000000000000000000000000000000000000000000000000000000000000001010100011111000000100000000000000101001
00000000000000000000000000000000000000000000000000000000000000000000000000000000000000000111000111111000000100000000000001000001
00000000000000000000000000000000000000000000000000000000000000000000000000000000101010001111100111111000000100000000000001000011
00000000000000000000000000000000000000000000000000000000000000000000000000000001010100011111001100001000000100000000000001000101
00000000000000000000000000000000000000000000000000000000000000000000000000000000101010001111100111111000000100000000000001000111
00000000000000000000000000000000000000000000000000000000000000000000000000000000000000001010100011111000000100000000000001001001
00000000000000000000000000000000000000000000000000000000000000000000000000000000000000000011100011011000000100000000000001100001
00000000000000000000000000000000000000000000000000000000000000000000000000000000000000000111000111111000000100000000000001100011
00000000000000000000000000000000000000000000000000000000000000000000000000000000000000000111000111111000000100000000000001100101
00000000000000000000000000000000000000000000000000000000000000000000000000000000000000000000000001110000000100000000000001100111
00000000000000000000000000000000000000000000000000000000000000000000000000000000000000000000000001110000000100000000000001101001
00000000000000000000000000000000000000000000000000000000000000000000000000000000000000000000000001110000000100000000000010000001
00000000000000000000000000000000000000000000000000000000000000000000000000000000000000000000000001110000000100000000000010000011
00000000000000000000000000000000000000000000000000000000000000000000000000000000000000000000000001110000000100000000000010000101
00000000000000000000000000000000000000000000000000000000000000000000000000000000000000000000000001110000000100000000000010000111
00000000000000000000000000000000000000000000000000000000000000000000000000000000000000000000000001110000000100000000000010001001
00000000000000000000000000000000000000000000000000000000000000000000000000000100011010111101000110011000000101000000000000000001
00000000000000000000000000000000000000000000000000000000000000000000000000000100011010111101000110011000000101000000000000000011
00000000000000000000000000000000000000000000000000000000000000000000000000000100011010111101000110011000000101000000000000000101
00000000000000000000000000000000000000000000000000000000000000000000000000000100011010111101000110011000000101000000000000000111
00000000000000000000000000000000000000000000000000000000000000000000000000000000100011010111101110001000000101000000000000001001
00000000000000000000000000000000000000000000000000000000000000000000000000001000110111011010001101111000000101000000000000100001
00000000000000000000000000000000000000000000000000000000000000000000000000000100011011101100111101111000000101000000000000100011
00000000000000000000000000000000000000000000000000000000000000000000000000000100011011101100111101111000000101000000000000100101
00000000000000000000000000000000000000000000000000000000000000000000000000000000010001101110110110111000000101000000000000100111
00000000000000000000000000000000000000000000000000000000000000000000000000000000100011011101101110001000000101000000000000101001
00000000000000000000000000000000000000000000000000000000000000000000000000000100011011101100111101111000000101000000000001000001
00000000000000000000000000000000000000000000000000000000000000000000000000000100011011101100111101111000000101000000000001000011
00000000000000000000000000000000000000000000000000000000000000000000000000000100011011101100111101111000000101000000000001000101
00000000000000000000000000000000000000000000000000000000000000000000000000000100011011101100111101111000000101000000000001000111
00000000000000000000000000000000000000000000000000000000000000000000000000000000100011011101101110001000000101000000000001001001
00000000000000000000000000000000000000000000000000000000000000000000000000000010001101110110011110011000000101000000000001100001
00000000000000000000000000000000000000000000000000000000000000000000000000000010001101110110011110011000000101000000000001100011
00000000000000000000000000000000000000000000000000000000000000000000000000000000010001101110110110111000000101000000000001100101
00000000000000000000000000000000000000000000000000000000000000000000000000000000010001101110110110111000000101000000000001100111
00000000000000000000000000000000000000000000000000000000000000000000000000000000100011011101101110001000000101000000000001101001
00000000000000000000000000000000000000000000000000000000000000000000000000000000100011010111101110001000000101000000000010000001
00000000000000000000000000000000000000000000000000000000000000000000000000000000100011011101101110001000000101000000000010000011
00000000000000000000000000000000000000000000000000000000000000000000000000000000100011011101101110001000000101000000000010000101
00000000000000000000000000000000000000000000000000000000000000000000000000000000100011011101101110001000000101000000000010000111
00000000000000000000000000000000000000000000000000000000000000000000000000000000000000010001001010111000000101000000000010001001
