0
8
32
23
0
8
32
23
0
8
32
23
8
32
23
8
55
8
55
0
8
32
23
0
8
32
23
0
8
32
23
8
55
0
8
32
23
0
8
32
23
0
8
32
23
0
8
55
8
55
0
8
55
0
8
32
23
8
55
8
55
8
55
8
55
8
55
8
55
8
55
8
55
8
55
8
32
23
8
32
16
7
8
32
16
7
8
48
7
8
32
23
8
32
16
7
8
32
16
7
8
32
16
7
8
48
7
40
23
40
16
7
8
32
16
7
8
32
16
7
56
7
40
23
40
16
7
56
7
63
63
63
63
63
63
63
63
8
55
8
32
16
7
8
32
16
7
63
8
48
7
8
32
23
8
32
16
7
8
32
16
7
8
32
23
8
48
7
8
32
16
7
8
32
16
7
8
32
16
7
8
32
23
8
48
7
8
32
16
7
8
32
16
7
8
55
8
55
8
55
8
55
8
55
8
55
8
55
63
63
56
7
56
7
63
63
56
7
56
7
56
7
56
7
63
56
7
56
7
56
7
56
7
63
56
7
56
7
63
63
63
63
63
63
63
63
32
31
0
32
31
0
32
31
32
31
0
32
31
0
32
31
0
32
31
0
32
31
32
31
0
63
0
32
31
0
32
31
0
32
31
32
31
0
63
0
63
0
63
63
63
63
63
63
63
63
8
8
24
23
8
8
24
23
8
8
24
23
8
8
24
23
16
24
23
8
8
24
23
8
8
24
23
8
8
24
23
16
24
23
16
24
23
8
8
24
23
8
8
24
23
8
8
24
23
8
8
24
23
16
24
23
8
8
24
23
8
8
24
23
16
24
23
16
24
23
16
24
23
16
24
23
16
24
23
16
24
23
16
24
23
40
23
