1100
01
100
001
1100
01
100
001
1100
01
100
001
01
100
001
01
0001
01
0001
1100
01
100
001
1100
01
100
001
1100
01
100
001
01
0001
1100
01
100
001
1100
01
100
001
1100
01
100
001
1100
01
0001
01
0001
1100
01
0001
1100
01
100
001
01
0001
01
0001
01
0001
01
0001
01
0001
01
0001
01
0001
01
0001
01
0001
01
100
001
01
100
1101
1111
01
100
1101
1111
01
101000
1111
01
100
001
01
100
1101
1111
01
100
1101
1111
01
100
1101
1111
01
101000
1111
101001
001
101001
1101
1111
01
100
1101
1111
01
100
1101
1111
0000
1111
101001
001
101001
1101
1111
0000
1111
1110
1110
1110
1110
1110
1110
1110
1110
01
0001
01
100
1101
1111
01
100
1101
1111
1110
01
101000
1111
01
100
001
01
100
1101
1111
01
100
1101
1111
01
100
001
01
101000
1111
01
100
1101
1111
01
100
1101
1111
01
100
1101
1111
01
100
001
01
101000
1111
01
100
1101
1111
01
100
1101
1111
01
0001
01
0001
01
0001
01
0001
01
0001
01
0001
01
0001
1110
1110
0000
1111
0000
1111
1110
1110
0000
1111
0000
1111
0000
1111
0000
1111
1110
0000
1111
0000
1111
0000
1111
0000
1111
1110
0000
1111
0000
1111
1110
1110
1110
1110
1110
1110
1110
1110
100
10101
1100
100
10101
1100
100
10101
100
10101
1100
100
10101
1100
100
10101
1100
100
10101
1100
100
10101
100
10101
1100
1110
1100
100
10101
1100
100
10101
1100
100
10101
100
10101
1100
1110
1100
1110
1100
1110
1110
1110
1110
1110
1110
1110
1110
01
01
1011
001
01
01
1011
001
01
01
1011
001
01
01
1011
001
1101
1011
001
01
01
1011
001
01
01
1011
001
01
01
1011
001
1101
1011
001
1101
1011
001
01
01
1011
001
01
01
1011
001
01
01
1011
001
01
01
1011
001
1101
1011
001
01
01
1011
001
01
01
1011
001
1101
1011
001
1101
1011
001
1101
1011
001
1101
1011
001
1101
1011
001
1101
1011
001
1101
1011
001
101001
001
