100010000111000
100010000110111
100001100010111
100001100010111
100001000001000
100001000001000
100001000001000
100001000001000
100001100100000
100001100100000
110000100000000
100010000011000
100010000000000
100010000010000
100010000111111
100010000000111
100001000110000
100001000110000
100001000110000
100001000110000
100001000101000
100001000101000
100001000101000
100001000101000
100000100011111
100000100011111
100000100011111
100000100011111
100000100011111
100000100011111
100000100011111
100000100011111
