w channel: [0, 0]
  -1	  -1	  -2	   0	   0	
   0	  -2	  -2	  -2	   0	
  -2	  -2	  -2	  -2	   0	
  -1	  -1	   0	   0	   0	
   0	   0	   0	   0	   0	
w channel: [0, 1]
   0	   0	   0	   0	   0	
   0	   0	   0	   0	   0	
   0	   0	   0	   0	   0	
   0	   0	   0	   0	   0	
   0	   0	   0	   0	   0	
w channel: [0, 2]
   0	   0	   0	   0	   0	
   0	   0	   0	   0	   0	
   0	   0	   0	   0	   0	
   0	   0	   0	   0	   0	
   0	   0	   0	   0	   0	
w channel: [0, 3]
   0	   0	   0	   0	   0	
   0	   0	   0	   0	   0	
   0	   0	   0	   0	   0	
   0	   0	   0	   0	   0	
   0	   0	   0	   0	   0	
w channel: [0, 4]
   0	   0	   0	   0	   0	
   0	   0	   0	   0	   0	
   0	   0	   0	   0	   0	
   0	   0	   0	   0	   0	
   0	   0	   0	   0	   0	
w channel: [0, 5]
   0	   0	   0	   0	   0	
   0	   0	   0	   0	   0	
   0	   0	   0	   0	   0	
   0	   0	   0	   0	   0	
   0	   0	   0	   0	   0	
w channel: [0, 6]
   0	   0	   0	   0	   0	
   0	   0	   0	   0	   0	
   0	   0	   0	   0	   0	
   0	   0	   0	   0	   0	
   0	   0	   0	   0	   0	
w channel: [0, 7]
   0	   0	   0	   0	   0	
   0	   0	   0	   0	   0	
   0	   0	   0	   0	   0	
   0	   0	   0	   0	   0	
   0	   0	   0	   0	   0	
w channel: [1, 0]
   3	   3	   3	   3	   3	
   3	   4	   4	   4	   3	
   3	   4	   4	   4	   3	
   4	   4	   4	   4	   3	
   3	   3	   3	   3	   3	
w channel: [1, 1]
   0	   0	   0	   0	   0	
   0	   0	   0	   0	   0	
   0	   0	   0	   0	   0	
   0	   0	   0	   0	   0	
   0	   0	   0	   0	   0	
w channel: [1, 2]
   0	   0	   0	   0	   0	
   0	   0	   0	   0	   0	
   0	   0	   0	   0	   0	
   0	   0	   0	   0	   0	
   0	   0	   0	   0	   0	
w channel: [1, 3]
   0	   0	   0	   0	   0	
   0	   0	   0	   0	   0	
   0	   0	   0	   0	   0	
   0	   0	   0	   0	   0	
   0	   0	   0	   0	   0	
w channel: [1, 4]
   0	   0	   0	   0	   0	
   0	   0	   0	   0	   0	
   0	   0	   0	   0	   0	
   0	   0	   0	   0	   0	
   0	   0	   0	   0	   0	
w channel: [1, 5]
   0	   0	   0	   0	   0	
   0	   0	   0	   0	   0	
   0	   0	   0	   0	   0	
   0	   0	   0	   0	   0	
   0	   0	   0	   0	   0	
w channel: [1, 6]
   0	   0	   0	   0	   0	
   0	   0	   0	   0	   0	
   0	   0	   0	   0	   0	
   0	   0	   0	   0	   0	
   0	   0	   0	   0	   0	
w channel: [1, 7]
   0	   0	   0	   0	   0	
   0	   0	   0	   0	   0	
   0	   0	   0	   0	   0	
   0	   0	   0	   0	   0	
   0	   0	   0	   0	   0	
w channel: [2, 0]
   0	   0	   0	   0	   0	
   0	   0	   0	   0	   0	
   0	   0	   0	   0	   0	
   0	   0	   0	   0	   0	
   0	   0	   0	   0	   0	
w channel: [2, 1]
   0	   0	   0	   0	   0	
   0	   0	   0	   0	   0	
   0	   0	   0	   0	   0	
   0	   0	   0	   0	   0	
   0	   0	   0	   0	   0	
w channel: [2, 2]
   0	   0	   0	   0	   0	
   0	   0	   0	   0	   0	
   0	   0	   0	   0	   0	
   0	   0	   0	   0	   0	
   0	   0	   0	   0	   0	
w channel: [2, 3]
   0	   0	   0	   0	   0	
   0	   0	   0	   0	   0	
   0	   0	   0	   0	   0	
   0	   0	   0	   0	   0	
   0	   0	   0	   0	   0	
w channel: [2, 4]
   0	   0	   0	   0	   0	
   0	   0	   0	   0	   0	
   0	   0	   0	   0	   0	
   0	   0	   0	   0	   0	
   0	   0	   0	   0	   0	
w channel: [2, 5]
   0	   0	   0	   0	   0	
   0	   0	   0	   0	   0	
   0	   0	   0	   0	   0	
   0	   0	   0	   0	   0	
   0	   0	   0	   0	   0	
w channel: [2, 6]
   0	   0	   0	   0	   0	
   0	   0	   0	   0	   0	
   0	   0	   0	   0	   0	
   0	   0	   0	   0	   0	
   0	   0	   0	   0	   0	
w channel: [2, 7]
   0	   0	   0	   0	   0	
   0	   0	   0	   0	   0	
   0	   0	   0	   0	   0	
   0	   0	   0	   0	   0	
   0	   0	   0	   0	   0	
w channel: [3, 0]
   0	   0	   0	   0	   0	
   0	   0	   0	   0	   0	
   0	   0	   0	   0	   0	
   0	   0	   0	   0	   0	
   0	   0	   0	   0	   0	
w channel: [3, 1]
   0	   0	   0	   0	   0	
   0	   0	   0	   0	   0	
   0	   0	   0	   0	   0	
   0	   0	   0	   0	   0	
   0	   0	   0	   0	   0	
w channel: [3, 2]
   0	   0	   0	   0	   0	
   0	   0	   0	   0	   0	
   0	   0	   0	   0	   0	
   0	   0	   0	   0	   0	
   0	   0	   0	   0	   0	
w channel: [3, 3]
   0	   0	   0	   0	   0	
   0	   0	   0	   0	   0	
   0	   0	   0	   0	   0	
   0	   0	   0	   0	   0	
   0	   0	   0	   0	   0	
w channel: [3, 4]
   0	   0	   0	   0	   0	
   0	   0	   0	   0	   0	
   0	   0	   0	   0	   0	
   0	   0	   0	   0	   0	
   0	   0	   0	   0	   0	
w channel: [3, 5]
   0	   0	   0	   0	   0	
   0	   0	   0	   0	   0	
   0	   0	   0	   0	   0	
   0	   0	   0	   0	   0	
   0	   0	   0	   0	   0	
w channel: [3, 6]
   0	   0	   0	   0	   0	
   0	   0	   0	   0	   0	
   0	   0	   0	   0	   0	
   0	   0	   0	   0	   0	
   0	   0	   0	   0	   0	
w channel: [3, 7]
   0	   0	   0	   0	   0	
   0	   0	   0	   0	   0	
   0	   0	   0	   0	   0	
   0	   0	   0	   0	   0	
   0	   0	   0	   0	   0	
w channel: [4, 0]
   0	   0	   0	   0	   0	
   0	   0	   0	   0	   0	
   0	   0	   0	   0	   0	
   0	   0	   0	   0	   0	
   0	   0	   0	   0	   0	
w channel: [4, 1]
   0	   0	   0	   0	   0	
   0	   0	   0	   0	   0	
   0	   0	   0	   0	   0	
   0	   0	   0	   0	   0	
   0	   0	   0	   0	   0	
w channel: [4, 2]
   0	   0	   0	   0	   0	
   0	   0	   0	   0	   0	
   0	   0	   0	   0	   0	
   0	   0	   0	   0	   0	
   0	   0	   0	   0	   0	
w channel: [4, 3]
   0	   0	   0	   0	   0	
   0	   0	   0	   0	   0	
   0	   0	   0	   0	   0	
   0	   0	   0	   0	   0	
   0	   0	   0	   0	   0	
w channel: [4, 4]
   0	   0	   0	   0	   0	
   0	   0	   0	   0	   0	
   0	   0	   0	   0	   0	
   0	   0	   0	   0	   0	
   0	   0	   0	   0	   0	
w channel: [4, 5]
   0	   0	   0	   0	   0	
   0	   0	   0	   0	   0	
   0	   0	   0	   0	   0	
   0	   0	   0	   0	   0	
   0	   0	   0	   0	   0	
w channel: [4, 6]
   0	   0	   0	   0	   0	
   0	   0	   0	   0	   0	
   0	   0	   0	   0	   0	
   0	   0	   0	   0	   0	
   0	   0	   0	   0	   0	
w channel: [4, 7]
   0	   0	   0	   0	   0	
   0	   0	   0	   0	   0	
   0	   0	   0	   0	   0	
   0	   0	   0	   0	   0	
   0	   0	   0	   0	   0	
w channel: [5, 0]
  -1	  -1	  -1	  -1	   0	
   0	  -1	  -1	  -1	   0	
  -1	  -1	  -1	   0	   0	
   0	  -1	   0	   0	   0	
   0	   0	   0	   0	   0	
w channel: [5, 1]
   0	   0	   0	   0	   0	
   0	   0	   0	   0	   0	
   0	   0	   0	   0	   0	
   0	   0	   0	   0	   0	
   0	   0	   0	   0	   0	
w channel: [5, 2]
   0	   0	   0	   0	   0	
   0	   0	   0	   0	   0	
   0	   0	   0	   0	   0	
   0	   0	   0	   0	   0	
   0	   0	   0	   0	   0	
w channel: [5, 3]
   0	   0	   0	   0	   0	
   0	   0	   0	   0	   0	
   0	   0	   0	   0	   0	
   0	   0	   0	   0	   0	
   0	   0	   0	   0	   0	
w channel: [5, 4]
   0	   0	   0	   0	   0	
   0	   0	   0	   0	   0	
   0	   0	   0	   0	   0	
   0	   0	   0	   0	   0	
   0	   0	   0	   0	   0	
w channel: [5, 5]
   0	   0	   0	   0	   0	
   0	   0	   0	   0	   0	
   0	   0	   0	   0	   0	
   0	   0	   0	   0	   0	
   0	   0	   0	   0	   0	
w channel: [5, 6]
   0	   0	   0	   0	   0	
   0	   0	   0	   0	   0	
   0	   0	   0	   0	   0	
   0	   0	   0	   0	   0	
   0	   0	   0	   0	   0	
w channel: [5, 7]
   0	   0	   0	   0	   0	
   0	   0	   0	   0	   0	
   0	   0	   0	   0	   0	
   0	   0	   0	   0	   0	
   0	   0	   0	   0	   0	
w channel: [6, 0]
   0	   0	   0	   0	   0	
   0	   0	   0	   0	   0	
   0	   0	   0	   0	   0	
   0	   0	   0	   0	   0	
   0	   0	   0	   0	   0	
w channel: [6, 1]
   0	   0	   0	   0	   0	
   0	   0	   0	   0	   0	
   0	   0	   0	   0	   0	
   0	   0	   0	   0	   0	
   0	   0	   0	   0	   0	
w channel: [6, 2]
   0	   0	   0	   0	   0	
   0	   0	   0	   0	   0	
   0	   0	   0	   0	   0	
   0	   0	   0	   0	   0	
   0	   0	   0	   0	   0	
w channel: [6, 3]
   0	   0	   0	   0	   0	
   0	   0	   0	   0	   0	
   0	   0	   0	   0	   0	
   0	   0	   0	   0	   0	
   0	   0	   0	   0	   0	
w channel: [6, 4]
   0	   0	   0	   0	   0	
   0	   0	   0	   0	   0	
   0	   0	   0	   0	   0	
   0	   0	   0	   0	   0	
   0	   0	   0	   0	   0	
w channel: [6, 5]
   0	   0	   0	   0	   0	
   0	   0	   0	   0	   0	
   0	   0	   0	   0	   0	
   0	   0	   0	   0	   0	
   0	   0	   0	   0	   0	
w channel: [6, 6]
   0	   0	   0	   0	   0	
   0	   0	   0	   0	   0	
   0	   0	   0	   0	   0	
   0	   0	   0	   0	   0	
   0	   0	   0	   0	   0	
w channel: [6, 7]
   0	   0	   0	   0	   0	
   0	   0	   0	   0	   0	
   0	   0	   0	   0	   0	
   0	   0	   0	   0	   0	
   0	   0	   0	   0	   0	
w channel: [7, 0]
   0	   0	   0	   0	   0	
   0	   0	   0	   0	   0	
   0	   0	   0	   0	   0	
   0	   0	   0	   0	   0	
   0	   0	   0	   0	   0	
w channel: [7, 1]
   0	   0	   0	   0	   0	
   0	   0	   0	   0	   0	
   0	   0	   0	   0	   0	
   0	   0	   0	   0	   0	
   0	   0	   0	   0	   0	
w channel: [7, 2]
   0	   0	   0	   0	   0	
   0	   0	   0	   0	   0	
   0	   0	   0	   0	   0	
   0	   0	   0	   0	   0	
   0	   0	   0	   0	   0	
w channel: [7, 3]
   0	   0	   0	   0	   0	
   0	   0	   0	   0	   0	
   0	   0	   0	   0	   0	
   0	   0	   0	   0	   0	
   0	   0	   0	   0	   0	
w channel: [7, 4]
   0	   0	   0	   0	   0	
   0	   0	   0	   0	   0	
   0	   0	   0	   0	   0	
   0	   0	   0	   0	   0	
   0	   0	   0	   0	   0	
w channel: [7, 5]
   0	   0	   0	   0	   0	
   0	   0	   0	   0	   0	
   0	   0	   0	   0	   0	
   0	   0	   0	   0	   0	
   0	   0	   0	   0	   0	
w channel: [7, 6]
   0	   0	   0	   0	   0	
   0	   0	   0	   0	   0	
   0	   0	   0	   0	   0	
   0	   0	   0	   0	   0	
   0	   0	   0	   0	   0	
w channel: [7, 7]
   0	   0	   0	   0	   0	
   0	   0	   0	   0	   0	
   0	   0	   0	   0	   0	
   0	   0	   0	   0	   0	
   0	   0	   0	   0	   0	
w channel: [8, 0]
   0	   0	   0	   0	   0	
   0	   0	   0	   0	   0	
   0	   0	   0	   0	   0	
   0	   0	   0	   0	   0	
   0	   0	   0	   0	   0	
w channel: [8, 1]
   0	   0	   0	   0	   0	
   0	   0	   0	   0	   0	
   0	   0	   0	   0	   0	
   0	   0	   0	   0	   0	
   0	   0	   0	   0	   0	
w channel: [8, 2]
   0	   0	   0	   0	   0	
   0	   0	   0	   0	   0	
   0	   0	   0	   0	   0	
   0	   0	   0	   0	   0	
   0	   0	   0	   0	   0	
w channel: [8, 3]
   0	   0	   0	   0	   0	
   0	   0	   0	   0	   0	
   0	   0	   0	   0	   0	
   0	   0	   0	   0	   0	
   0	   0	   0	   0	   0	
w channel: [8, 4]
   0	   0	   0	   0	   0	
   0	   0	   0	   0	   0	
   0	   0	   0	   0	   0	
   0	   0	   0	   0	   0	
   0	   0	   0	   0	   0	
w channel: [8, 5]
   0	   0	   0	   0	   0	
   0	   0	   0	   0	   0	
   0	   0	   0	   0	   0	
   0	   0	   0	   0	   0	
   0	   0	   0	   0	   0	
w channel: [8, 6]
   0	   0	   0	   0	   0	
   0	   0	   0	   0	   0	
   0	   0	   0	   0	   0	
   0	   0	   0	   0	   0	
   0	   0	   0	   0	   0	
w channel: [8, 7]
   0	   0	   0	   0	   0	
   0	   0	   0	   0	   0	
   0	   0	   0	   0	   0	
   0	   0	   0	   0	   0	
   0	   0	   0	   0	   0	
w channel: [9, 0]
  -1	  -1	  -2	  -1	  -1	
  -1	  -2	  -2	  -2	  -1	
   0	   0	  -2	  -1	   0	
   0	   0	   0	   0	   0	
   0	   0	   0	   0	   0	
w channel: [9, 1]
   0	   0	   0	   0	   0	
   0	   0	   0	   0	   0	
   0	   0	   0	   0	   0	
   0	   0	   0	   0	   0	
   0	   0	   0	   0	   0	
w channel: [9, 2]
   0	   0	   0	   0	   0	
   0	   0	   0	   0	   0	
   0	   0	   0	   0	   0	
   0	   0	   0	   0	   0	
   0	   0	   0	   0	   0	
w channel: [9, 3]
   0	   0	   0	   0	   0	
   0	   0	   0	   0	   0	
   0	   0	   0	   0	   0	
   0	   0	   0	   0	   0	
   0	   0	   0	   0	   0	
w channel: [9, 4]
   0	   0	   0	   0	   0	
   0	   0	   0	   0	   0	
   0	   0	   0	   0	   0	
   0	   0	   0	   0	   0	
   0	   0	   0	   0	   0	
w channel: [9, 5]
   0	   0	   0	   0	   0	
   0	   0	   0	   0	   0	
   0	   0	   0	   0	   0	
   0	   0	   0	   0	   0	
   0	   0	   0	   0	   0	
w channel: [9, 6]
   0	   0	   0	   0	   0	
   0	   0	   0	   0	   0	
   0	   0	   0	   0	   0	
   0	   0	   0	   0	   0	
   0	   0	   0	   0	   0	
w channel: [9, 7]
   0	   0	   0	   0	   0	
   0	   0	   0	   0	   0	
   0	   0	   0	   0	   0	
   0	   0	   0	   0	   0	
   0	   0	   0	   0	   0	
w channel: [10, 0]
   0	   0	   0	   0	   0	
   0	   0	   0	   0	   0	
   0	   0	   0	   0	   0	
   0	   0	   0	   0	   0	
   0	   0	   0	   0	   0	
w channel: [10, 1]
   0	   0	   0	   0	   0	
   0	   0	   0	   0	   0	
   0	   0	   0	   0	   0	
   0	   0	   0	   0	   0	
   0	   0	   0	   0	   0	
w channel: [10, 2]
   0	   0	   0	   0	   0	
   0	   0	   0	   0	   0	
   0	   0	   0	   0	   0	
   0	   0	   0	   0	   0	
   0	   0	   0	   0	   0	
w channel: [10, 3]
   0	   0	   0	   0	   0	
   0	   0	   0	   0	   0	
   0	   0	   0	   0	   0	
   0	   0	   0	   0	   0	
   0	   0	   0	   0	   0	
w channel: [10, 4]
   0	   0	   0	   0	   0	
   0	   0	   0	   0	   0	
   0	   0	   0	   0	   0	
   0	   0	   0	   0	   0	
   0	   0	   0	   0	   0	
w channel: [10, 5]
   0	   0	   0	   0	   0	
   0	   0	   0	   0	   0	
   0	   0	   0	   0	   0	
   0	   0	   0	   0	   0	
   0	   0	   0	   0	   0	
w channel: [10, 6]
   0	   0	   0	   0	   0	
   0	   0	   0	   0	   0	
   0	   0	   0	   0	   0	
   0	   0	   0	   0	   0	
   0	   0	   0	   0	   0	
w channel: [10, 7]
   0	   0	   0	   0	   0	
   0	   0	   0	   0	   0	
   0	   0	   0	   0	   0	
   0	   0	   0	   0	   0	
   0	   0	   0	   0	   0	
w channel: [11, 0]
   0	   0	   0	   0	   0	
   0	   0	   0	   0	   0	
   0	   0	   0	   0	   0	
   0	   0	   0	   0	   0	
   0	   0	   0	   0	   0	
w channel: [11, 1]
   0	   0	   0	   0	   0	
   0	   0	   0	   0	   0	
   0	   0	   0	   0	   0	
   0	   0	   0	   0	   0	
   0	   0	   0	   0	   0	
w channel: [11, 2]
   0	   0	   0	   0	   0	
   0	   0	   0	   0	   0	
   0	   0	   0	   0	   0	
   0	   0	   0	   0	   0	
   0	   0	   0	   0	   0	
w channel: [11, 3]
   0	   0	   0	   0	   0	
   0	   0	   0	   0	   0	
   0	   0	   0	   0	   0	
   0	   0	   0	   0	   0	
   0	   0	   0	   0	   0	
w channel: [11, 4]
   0	   0	   0	   0	   0	
   0	   0	   0	   0	   0	
   0	   0	   0	   0	   0	
   0	   0	   0	   0	   0	
   0	   0	   0	   0	   0	
w channel: [11, 5]
   0	   0	   0	   0	   0	
   0	   0	   0	   0	   0	
   0	   0	   0	   0	   0	
   0	   0	   0	   0	   0	
   0	   0	   0	   0	   0	
w channel: [11, 6]
   0	   0	   0	   0	   0	
   0	   0	   0	   0	   0	
   0	   0	   0	   0	   0	
   0	   0	   0	   0	   0	
   0	   0	   0	   0	   0	
w channel: [11, 7]
   0	   0	   0	   0	   0	
   0	   0	   0	   0	   0	
   0	   0	   0	   0	   0	
   0	   0	   0	   0	   0	
   0	   0	   0	   0	   0	
w channel: [12, 0]
   0	   0	   0	   0	   0	
   0	   0	   0	   0	   0	
   0	   0	   0	   0	   0	
   0	   0	   0	   0	   0	
   0	   0	   0	   0	   0	
w channel: [12, 1]
   0	   0	   0	   0	   0	
   0	   0	   0	   0	   0	
   0	   0	   0	   0	   0	
   0	   0	   0	   0	   0	
   0	   0	   0	   0	   0	
w channel: [12, 2]
   0	   0	   0	   0	   0	
   0	   0	   0	   0	   0	
   0	   0	   0	   0	   0	
   0	   0	   0	   0	   0	
   0	   0	   0	   0	   0	
w channel: [12, 3]
   0	   0	   0	   0	   0	
   0	   0	   0	   0	   0	
   0	   0	   0	   0	   0	
   0	   0	   0	   0	   0	
   0	   0	   0	   0	   0	
w channel: [12, 4]
   0	   0	   0	   0	   0	
   0	   0	   0	   0	   0	
   0	   0	   0	   0	   0	
   0	   0	   0	   0	   0	
   0	   0	   0	   0	   0	
w channel: [12, 5]
   0	   0	   0	   0	   0	
   0	   0	   0	   0	   0	
   0	   0	   0	   0	   0	
   0	   0	   0	   0	   0	
   0	   0	   0	   0	   0	
w channel: [12, 6]
   0	   0	   0	   0	   0	
   0	   0	   0	   0	   0	
   0	   0	   0	   0	   0	
   0	   0	   0	   0	   0	
   0	   0	   0	   0	   0	
w channel: [12, 7]
   0	   0	   0	   0	   0	
   0	   0	   0	   0	   0	
   0	   0	   0	   0	   0	
   0	   0	   0	   0	   0	
   0	   0	   0	   0	   0	
w channel: [13, 0]
   0	  -3	  -3	  -2	   0	
  -3	  -3	  -4	  -3	   0	
  -3	  -4	  -4	  -3	   0	
  -2	  -2	   0	   0	   0	
   0	   0	   0	   0	   0	
w channel: [13, 1]
   0	   0	   0	   0	   0	
   0	   0	   0	   0	   0	
   0	   0	   0	   0	   0	
   0	   0	   0	   0	   0	
   0	   0	   0	   0	   0	
w channel: [13, 2]
   0	   0	   0	   0	   0	
   0	   0	   0	   0	   0	
   0	   0	   0	   0	   0	
   0	   0	   0	   0	   0	
   0	   0	   0	   0	   0	
w channel: [13, 3]
   0	   0	   0	   0	   0	
   0	   0	   0	   0	   0	
   0	   0	   0	   0	   0	
   0	   0	   0	   0	   0	
   0	   0	   0	   0	   0	
w channel: [13, 4]
   0	   0	   0	   0	   0	
   0	   0	   0	   0	   0	
   0	   0	   0	   0	   0	
   0	   0	   0	   0	   0	
   0	   0	   0	   0	   0	
w channel: [13, 5]
   0	   0	   0	   0	   0	
   0	   0	   0	   0	   0	
   0	   0	   0	   0	   0	
   0	   0	   0	   0	   0	
   0	   0	   0	   0	   0	
w channel: [13, 6]
   0	   0	   0	   0	   0	
   0	   0	   0	   0	   0	
   0	   0	   0	   0	   0	
   0	   0	   0	   0	   0	
   0	   0	   0	   0	   0	
w channel: [13, 7]
   0	   0	   0	   0	   0	
   0	   0	   0	   0	   0	
   0	   0	   0	   0	   0	
   0	   0	   0	   0	   0	
   0	   0	   0	   0	   0	
w channel: [14, 0]
   0	   0	   0	   0	   0	
   0	   0	   0	   0	   0	
   0	   0	   0	   0	   0	
   0	   0	   0	   0	   0	
   0	   0	   0	   0	   0	
w channel: [14, 1]
   0	   0	   0	   0	   0	
   0	   0	   0	   0	   0	
   0	   0	   0	   0	   0	
   0	   0	   0	   0	   0	
   0	   0	   0	   0	   0	
w channel: [14, 2]
   0	   0	   0	   0	   0	
   0	   0	   0	   0	   0	
   0	   0	   0	   0	   0	
   0	   0	   0	   0	   0	
   0	   0	   0	   0	   0	
w channel: [14, 3]
   0	   0	   0	   0	   0	
   0	   0	   0	   0	   0	
   0	   0	   0	   0	   0	
   0	   0	   0	   0	   0	
   0	   0	   0	   0	   0	
w channel: [14, 4]
   0	   0	   0	   0	   0	
   0	   0	   0	   0	   0	
   0	   0	   0	   0	   0	
   0	   0	   0	   0	   0	
   0	   0	   0	   0	   0	
w channel: [14, 5]
   0	   0	   0	   0	   0	
   0	   0	   0	   0	   0	
   0	   0	   0	   0	   0	
   0	   0	   0	   0	   0	
   0	   0	   0	   0	   0	
w channel: [14, 6]
   0	   0	   0	   0	   0	
   0	   0	   0	   0	   0	
   0	   0	   0	   0	   0	
   0	   0	   0	   0	   0	
   0	   0	   0	   0	   0	
w channel: [14, 7]
   0	   0	   0	   0	   0	
   0	   0	   0	   0	   0	
   0	   0	   0	   0	   0	
   0	   0	   0	   0	   0	
   0	   0	   0	   0	   0	
w channel: [15, 0]
   0	   0	  -2	  -2	  -2	
   0	  -3	  -3	  -3	  -2	
   0	  -3	  -3	  -3	  -2	
   0	  -2	  -2	   0	   0	
   0	   0	   0	   0	   0	
w channel: [15, 1]
   0	   0	   0	   0	   0	
   0	   0	   0	   0	   0	
   0	   0	   0	   0	   0	
   0	   0	   0	   0	   0	
   0	   0	   0	   0	   0	
w channel: [15, 2]
   0	   0	   0	   0	   0	
   0	   0	   0	   0	   0	
   0	   0	   0	   0	   0	
   0	   0	   0	   0	   0	
   0	   0	   0	   0	   0	
w channel: [15, 3]
   0	   0	   0	   0	   0	
   0	   0	   0	   0	   0	
   0	   0	   0	   0	   0	
   0	   0	   0	   0	   0	
   0	   0	   0	   0	   0	
w channel: [15, 4]
   0	   0	   0	   0	   0	
   0	   0	   0	   0	   0	
   0	   0	   0	   0	   0	
   0	   0	   0	   0	   0	
   0	   0	   0	   0	   0	
w channel: [15, 5]
   0	   0	   0	   0	   0	
   0	   0	   0	   0	   0	
   0	   0	   0	   0	   0	
   0	   0	   0	   0	   0	
   0	   0	   0	   0	   0	
w channel: [15, 6]
   0	   0	   0	   0	   0	
   0	   0	   0	   0	   0	
   0	   0	   0	   0	   0	
   0	   0	   0	   0	   0	
   0	   0	   0	   0	   0	
w channel: [15, 7]
   0	   0	   0	   0	   0	
   0	   0	   0	   0	   0	
   0	   0	   0	   0	   0	
   0	   0	   0	   0	   0	
   0	   0	   0	   0	   0	
w channel: [16, 0]
   0	   0	   0	   0	   0	
   0	   0	   0	   0	   0	
   0	   0	   0	   0	   0	
   0	   0	   0	   0	   0	
   0	   0	   0	   0	   0	
w channel: [16, 1]
   0	   0	   0	   0	   0	
   0	   0	   0	   0	   0	
   0	   0	   0	   0	   0	
   0	   0	   0	   0	   0	
   0	   0	   0	   0	   0	
w channel: [16, 2]
   0	   0	   0	   0	   0	
   0	   0	   0	   0	   0	
   0	   0	   0	   0	   0	
   0	   0	   0	   0	   0	
   0	   0	   0	   0	   0	
w channel: [16, 3]
   0	   0	   0	   0	   0	
   0	   0	   0	   0	   0	
   0	   0	   0	   0	   0	
   0	   0	   0	   0	   0	
   0	   0	   0	   0	   0	
w channel: [16, 4]
   0	   0	   0	   0	   0	
   0	   0	   0	   0	   0	
   0	   0	   0	   0	   0	
   0	   0	   0	   0	   0	
   0	   0	   0	   0	   0	
w channel: [16, 5]
   0	   0	   0	   0	   0	
   0	   0	   0	   0	   0	
   0	   0	   0	   0	   0	
   0	   0	   0	   0	   0	
   0	   0	   0	   0	   0	
w channel: [16, 6]
   0	   0	   0	   0	   0	
   0	   0	   0	   0	   0	
   0	   0	   0	   0	   0	
   0	   0	   0	   0	   0	
   0	   0	   0	   0	   0	
w channel: [16, 7]
   0	   0	   0	   0	   0	
   0	   0	   0	   0	   0	
   0	   0	   0	   0	   0	
   0	   0	   0	   0	   0	
   0	   0	   0	   0	   0	
w channel: [17, 0]
   0	   1	   1	   1	   0	
   1	   1	   1	   1	   1	
   1	   1	   1	   1	   1	
   1	   1	   1	   1	   1	
   1	   1	   1	   1	   1	
w channel: [17, 1]
   0	   0	   0	   0	   0	
   0	   0	   0	   0	   0	
   0	   0	   0	   0	   0	
   0	   0	   0	   0	   0	
   0	   0	   0	   0	   0	
w channel: [17, 2]
   0	   0	   0	   0	   0	
   0	   0	   0	   0	   0	
   0	   0	   0	   0	   0	
   0	   0	   0	   0	   0	
   0	   0	   0	   0	   0	
w channel: [17, 3]
   0	   0	   0	   0	   0	
   0	   0	   0	   0	   0	
   0	   0	   0	   0	   0	
   0	   0	   0	   0	   0	
   0	   0	   0	   0	   0	
w channel: [17, 4]
   0	   0	   0	   0	   0	
   0	   0	   0	   0	   0	
   0	   0	   0	   0	   0	
   0	   0	   0	   0	   0	
   0	   0	   0	   0	   0	
w channel: [17, 5]
   0	   0	   0	   0	   0	
   0	   0	   0	   0	   0	
   0	   0	   0	   0	   0	
   0	   0	   0	   0	   0	
   0	   0	   0	   0	   0	
w channel: [17, 6]
   0	   0	   0	   0	   0	
   0	   0	   0	   0	   0	
   0	   0	   0	   0	   0	
   0	   0	   0	   0	   0	
   0	   0	   0	   0	   0	
w channel: [17, 7]
   0	   0	   0	   0	   0	
   0	   0	   0	   0	   0	
   0	   0	   0	   0	   0	
   0	   0	   0	   0	   0	
   0	   0	   0	   0	   0	
w channel: [18, 0]
   0	   0	   0	   0	   0	
   0	   0	   0	   0	   0	
   0	   0	   0	   0	   0	
   0	   0	   0	   0	   0	
   0	   0	   0	   0	   0	
w channel: [18, 1]
   0	   0	   0	   0	   0	
   0	   0	   0	   0	   0	
   0	   0	   0	   0	   0	
   0	   0	   0	   0	   0	
   0	   0	   0	   0	   0	
w channel: [18, 2]
   0	   0	   0	   0	   0	
   0	   0	   0	   0	   0	
   0	   0	   0	   0	   0	
   0	   0	   0	   0	   0	
   0	   0	   0	   0	   0	
w channel: [18, 3]
   0	   0	   0	   0	   0	
   0	   0	   0	   0	   0	
   0	   0	   0	   0	   0	
   0	   0	   0	   0	   0	
   0	   0	   0	   0	   0	
w channel: [18, 4]
   0	   0	   0	   0	   0	
   0	   0	   0	   0	   0	
   0	   0	   0	   0	   0	
   0	   0	   0	   0	   0	
   0	   0	   0	   0	   0	
w channel: [18, 5]
   0	   0	   0	   0	   0	
   0	   0	   0	   0	   0	
   0	   0	   0	   0	   0	
   0	   0	   0	   0	   0	
   0	   0	   0	   0	   0	
w channel: [18, 6]
   0	   0	   0	   0	   0	
   0	   0	   0	   0	   0	
   0	   0	   0	   0	   0	
   0	   0	   0	   0	   0	
   0	   0	   0	   0	   0	
w channel: [18, 7]
   0	   0	   0	   0	   0	
   0	   0	   0	   0	   0	
   0	   0	   0	   0	   0	
   0	   0	   0	   0	   0	
   0	   0	   0	   0	   0	
w channel: [19, 0]
   0	   0	   0	   0	   0	
   0	   0	   0	   0	   0	
   0	   0	   0	   0	   0	
   0	   0	   0	   0	   0	
   0	   0	   0	   0	   0	
w channel: [19, 1]
   0	   0	   0	   0	   0	
   0	   0	   0	   0	   0	
   0	   0	   0	   0	   0	
   0	   0	   0	   0	   0	
   0	   0	   0	   0	   0	
w channel: [19, 2]
   0	   0	   0	   0	   0	
   0	   0	   0	   0	   0	
   0	   0	   0	   0	   0	
   0	   0	   0	   0	   0	
   0	   0	   0	   0	   0	
w channel: [19, 3]
   0	   0	   0	   0	   0	
   0	   0	   0	   0	   0	
   0	   0	   0	   0	   0	
   0	   0	   0	   0	   0	
   0	   0	   0	   0	   0	
w channel: [19, 4]
   0	   0	   0	   0	   0	
   0	   0	   0	   0	   0	
   0	   0	   0	   0	   0	
   0	   0	   0	   0	   0	
   0	   0	   0	   0	   0	
w channel: [19, 5]
   0	   0	   0	   0	   0	
   0	   0	   0	   0	   0	
   0	   0	   0	   0	   0	
   0	   0	   0	   0	   0	
   0	   0	   0	   0	   0	
w channel: [19, 6]
   0	   0	   0	   0	   0	
   0	   0	   0	   0	   0	
   0	   0	   0	   0	   0	
   0	   0	   0	   0	   0	
   0	   0	   0	   0	   0	
w channel: [19, 7]
   0	   0	   0	   0	   0	
   0	   0	   0	   0	   0	
   0	   0	   0	   0	   0	
   0	   0	   0	   0	   0	
   0	   0	   0	   0	   0	
w channel: [20, 0]
   0	   0	   0	   0	   0	
   0	   0	   0	   0	   0	
   0	   0	   0	   0	   0	
   0	   0	   0	   0	   0	
   0	   0	   0	   0	   0	
w channel: [20, 1]
   0	   0	   0	   0	   0	
   0	   0	   0	   0	   0	
   0	   0	   0	   0	   0	
   0	   0	   0	   0	   0	
   0	   0	   0	   0	   0	
w channel: [20, 2]
   0	   0	   0	   0	   0	
   0	   0	   0	   0	   0	
   0	   0	   0	   0	   0	
   0	   0	   0	   0	   0	
   0	   0	   0	   0	   0	
w channel: [20, 3]
   0	   0	   0	   0	   0	
   0	   0	   0	   0	   0	
   0	   0	   0	   0	   0	
   0	   0	   0	   0	   0	
   0	   0	   0	   0	   0	
w channel: [20, 4]
   0	   0	   0	   0	   0	
   0	   0	   0	   0	   0	
   0	   0	   0	   0	   0	
   0	   0	   0	   0	   0	
   0	   0	   0	   0	   0	
w channel: [20, 5]
   0	   0	   0	   0	   0	
   0	   0	   0	   0	   0	
   0	   0	   0	   0	   0	
   0	   0	   0	   0	   0	
   0	   0	   0	   0	   0	
w channel: [20, 6]
   0	   0	   0	   0	   0	
   0	   0	   0	   0	   0	
   0	   0	   0	   0	   0	
   0	   0	   0	   0	   0	
   0	   0	   0	   0	   0	
w channel: [20, 7]
   0	   0	   0	   0	   0	
   0	   0	   0	   0	   0	
   0	   0	   0	   0	   0	
   0	   0	   0	   0	   0	
   0	   0	   0	   0	   0	
w channel: [21, 0]
   0	   0	  -2	  -2	   0	
   0	  -2	  -2	  -2	  -2	
   0	  -2	  -2	  -2	  -2	
   0	  -2	  -2	   0	   0	
   0	   0	   0	   0	   0	
w channel: [21, 1]
   0	   0	   0	   0	   0	
   0	   0	   0	   0	   0	
   0	   0	   0	   0	   0	
   0	   0	   0	   0	   0	
   0	   0	   0	   0	   0	
w channel: [21, 2]
   0	   0	   0	   0	   0	
   0	   0	   0	   0	   0	
   0	   0	   0	   0	   0	
   0	   0	   0	   0	   0	
   0	   0	   0	   0	   0	
w channel: [21, 3]
   0	   0	   0	   0	   0	
   0	   0	   0	   0	   0	
   0	   0	   0	   0	   0	
   0	   0	   0	   0	   0	
   0	   0	   0	   0	   0	
w channel: [21, 4]
   0	   0	   0	   0	   0	
   0	   0	   0	   0	   0	
   0	   0	   0	   0	   0	
   0	   0	   0	   0	   0	
   0	   0	   0	   0	   0	
w channel: [21, 5]
   0	   0	   0	   0	   0	
   0	   0	   0	   0	   0	
   0	   0	   0	   0	   0	
   0	   0	   0	   0	   0	
   0	   0	   0	   0	   0	
w channel: [21, 6]
   0	   0	   0	   0	   0	
   0	   0	   0	   0	   0	
   0	   0	   0	   0	   0	
   0	   0	   0	   0	   0	
   0	   0	   0	   0	   0	
w channel: [21, 7]
   0	   0	   0	   0	   0	
   0	   0	   0	   0	   0	
   0	   0	   0	   0	   0	
   0	   0	   0	   0	   0	
   0	   0	   0	   0	   0	
w channel: [22, 0]
   0	   0	   0	   0	   0	
   0	   0	   0	   0	   0	
   0	   0	   0	   0	   0	
   0	   0	   0	   0	   0	
   0	   0	   0	   0	   0	
w channel: [22, 1]
   0	   0	   0	   0	   0	
   0	   0	   0	   0	   0	
   0	   0	   0	   0	   0	
   0	   0	   0	   0	   0	
   0	   0	   0	   0	   0	
w channel: [22, 2]
   0	   0	   0	   0	   0	
   0	   0	   0	   0	   0	
   0	   0	   0	   0	   0	
   0	   0	   0	   0	   0	
   0	   0	   0	   0	   0	
w channel: [22, 3]
   0	   0	   0	   0	   0	
   0	   0	   0	   0	   0	
   0	   0	   0	   0	   0	
   0	   0	   0	   0	   0	
   0	   0	   0	   0	   0	
w channel: [22, 4]
   0	   0	   0	   0	   0	
   0	   0	   0	   0	   0	
   0	   0	   0	   0	   0	
   0	   0	   0	   0	   0	
   0	   0	   0	   0	   0	
w channel: [22, 5]
   0	   0	   0	   0	   0	
   0	   0	   0	   0	   0	
   0	   0	   0	   0	   0	
   0	   0	   0	   0	   0	
   0	   0	   0	   0	   0	
w channel: [22, 6]
   0	   0	   0	   0	   0	
   0	   0	   0	   0	   0	
   0	   0	   0	   0	   0	
   0	   0	   0	   0	   0	
   0	   0	   0	   0	   0	
w channel: [22, 7]
   0	   0	   0	   0	   0	
   0	   0	   0	   0	   0	
   0	   0	   0	   0	   0	
   0	   0	   0	   0	   0	
   0	   0	   0	   0	   0	
w channel: [23, 0]
   0	   0	  -1	  -1	   0	
  -1	   0	  -2	  -2	   0	
  -2	  -2	  -2	  -2	   0	
  -1	  -1	  -1	   0	   0	
   0	   0	   0	   0	   0	
w channel: [23, 1]
   0	   0	   0	   0	   0	
   0	   0	   0	   0	   0	
   0	   0	   0	   0	   0	
   0	   0	   0	   0	   0	
   0	   0	   0	   0	   0	
w channel: [23, 2]
   0	   0	   0	   0	   0	
   0	   0	   0	   0	   0	
   0	   0	   0	   0	   0	
   0	   0	   0	   0	   0	
   0	   0	   0	   0	   0	
w channel: [23, 3]
   0	   0	   0	   0	   0	
   0	   0	   0	   0	   0	
   0	   0	   0	   0	   0	
   0	   0	   0	   0	   0	
   0	   0	   0	   0	   0	
w channel: [23, 4]
   0	   0	   0	   0	   0	
   0	   0	   0	   0	   0	
   0	   0	   0	   0	   0	
   0	   0	   0	   0	   0	
   0	   0	   0	   0	   0	
w channel: [23, 5]
   0	   0	   0	   0	   0	
   0	   0	   0	   0	   0	
   0	   0	   0	   0	   0	
   0	   0	   0	   0	   0	
   0	   0	   0	   0	   0	
w channel: [23, 6]
   0	   0	   0	   0	   0	
   0	   0	   0	   0	   0	
   0	   0	   0	   0	   0	
   0	   0	   0	   0	   0	
   0	   0	   0	   0	   0	
w channel: [23, 7]
   0	   0	   0	   0	   0	
   0	   0	   0	   0	   0	
   0	   0	   0	   0	   0	
   0	   0	   0	   0	   0	
   0	   0	   0	   0	   0	
w channel: [24, 0]
   0	   0	   0	   0	   0	
   0	   0	   0	   0	   0	
   0	   0	   0	   0	   0	
   0	   0	   0	   0	   0	
   0	   0	   0	   0	   0	
w channel: [24, 1]
   0	   0	   0	   0	   0	
   0	   0	   0	   0	   0	
   0	   0	   0	   0	   0	
   0	   0	   0	   0	   0	
   0	   0	   0	   0	   0	
w channel: [24, 2]
   0	   0	   0	   0	   0	
   0	   0	   0	   0	   0	
   0	   0	   0	   0	   0	
   0	   0	   0	   0	   0	
   0	   0	   0	   0	   0	
w channel: [24, 3]
   0	   0	   0	   0	   0	
   0	   0	   0	   0	   0	
   0	   0	   0	   0	   0	
   0	   0	   0	   0	   0	
   0	   0	   0	   0	   0	
w channel: [24, 4]
   0	   0	   0	   0	   0	
   0	   0	   0	   0	   0	
   0	   0	   0	   0	   0	
   0	   0	   0	   0	   0	
   0	   0	   0	   0	   0	
w channel: [24, 5]
   0	   0	   0	   0	   0	
   0	   0	   0	   0	   0	
   0	   0	   0	   0	   0	
   0	   0	   0	   0	   0	
   0	   0	   0	   0	   0	
w channel: [24, 6]
   0	   0	   0	   0	   0	
   0	   0	   0	   0	   0	
   0	   0	   0	   0	   0	
   0	   0	   0	   0	   0	
   0	   0	   0	   0	   0	
w channel: [24, 7]
   0	   0	   0	   0	   0	
   0	   0	   0	   0	   0	
   0	   0	   0	   0	   0	
   0	   0	   0	   0	   0	
   0	   0	   0	   0	   0	
w channel: [25, 0]
   0	   0	   0	   0	   0	
   0	   0	   0	   0	   0	
   0	   0	   0	   0	   0	
   0	   0	   0	   0	   0	
   0	   0	   0	   0	   0	
w channel: [25, 1]
   0	   0	   0	   0	   0	
   0	   0	   0	   0	   0	
   0	   0	   0	   0	   0	
   0	   0	   0	   0	   0	
   0	   0	   0	   0	   0	
w channel: [25, 2]
   0	   0	   0	   0	   0	
   0	   0	   0	   0	   0	
   0	   0	   0	   0	   0	
   0	   0	   0	   0	   0	
   0	   0	   0	   0	   0	
w channel: [25, 3]
   0	   0	   0	   0	   0	
   0	   0	   0	   0	   0	
   0	   0	   0	   0	   0	
   0	   0	   0	   0	   0	
   0	   0	   0	   0	   0	
w channel: [25, 4]
   0	   0	   0	   0	   0	
   0	   0	   0	   0	   0	
   0	   0	   0	   0	   0	
   0	   0	   0	   0	   0	
   0	   0	   0	   0	   0	
w channel: [25, 5]
   0	   0	   0	   0	   0	
   0	   0	   0	   0	   0	
   0	   0	   0	   0	   0	
   0	   0	   0	   0	   0	
   0	   0	   0	   0	   0	
w channel: [25, 6]
   0	   0	   0	   0	   0	
   0	   0	   0	   0	   0	
   0	   0	   0	   0	   0	
   0	   0	   0	   0	   0	
   0	   0	   0	   0	   0	
w channel: [25, 7]
   0	   0	   0	   0	   0	
   0	   0	   0	   0	   0	
   0	   0	   0	   0	   0	
   0	   0	   0	   0	   0	
   0	   0	   0	   0	   0	
w channel: [26, 0]
   0	   0	   0	   0	   0	
   0	   0	   0	   0	   0	
   0	   0	   0	   0	   0	
   0	   0	   0	   0	   0	
   0	   0	   0	   0	   0	
w channel: [26, 1]
   0	   0	   0	   0	   0	
   0	   0	   0	   0	   0	
   0	   0	   0	   0	   0	
   0	   0	   0	   0	   0	
   0	   0	   0	   0	   0	
w channel: [26, 2]
   0	   0	   0	   0	   0	
   0	   0	   0	   0	   0	
   0	   0	   0	   0	   0	
   0	   0	   0	   0	   0	
   0	   0	   0	   0	   0	
w channel: [26, 3]
   0	   0	   0	   0	   0	
   0	   0	   0	   0	   0	
   0	   0	   0	   0	   0	
   0	   0	   0	   0	   0	
   0	   0	   0	   0	   0	
w channel: [26, 4]
   0	   0	   0	   0	   0	
   0	   0	   0	   0	   0	
   0	   0	   0	   0	   0	
   0	   0	   0	   0	   0	
   0	   0	   0	   0	   0	
w channel: [26, 5]
   0	   0	   0	   0	   0	
   0	   0	   0	   0	   0	
   0	   0	   0	   0	   0	
   0	   0	   0	   0	   0	
   0	   0	   0	   0	   0	
w channel: [26, 6]
   0	   0	   0	   0	   0	
   0	   0	   0	   0	   0	
   0	   0	   0	   0	   0	
   0	   0	   0	   0	   0	
   0	   0	   0	   0	   0	
w channel: [26, 7]
   0	   0	   0	   0	   0	
   0	   0	   0	   0	   0	
   0	   0	   0	   0	   0	
   0	   0	   0	   0	   0	
   0	   0	   0	   0	   0	
w channel: [27, 0]
   0	   0	   0	   0	   0	
   0	   0	   0	   0	   0	
   0	   0	   0	   0	   0	
   0	   0	   0	   0	   0	
   0	   0	   0	   0	   0	
w channel: [27, 1]
   0	   0	   0	   0	   0	
   0	   0	   0	   0	   0	
   0	   0	   0	   0	   0	
   0	   0	   0	   0	   0	
   0	   0	   0	   0	   0	
w channel: [27, 2]
   0	   0	   0	   0	   0	
   0	   0	   0	   0	   0	
   0	   0	   0	   0	   0	
   0	   0	   0	   0	   0	
   0	   0	   0	   0	   0	
w channel: [27, 3]
   0	   0	   0	   0	   0	
   0	   0	   0	   0	   0	
   0	   0	   0	   0	   0	
   0	   0	   0	   0	   0	
   0	   0	   0	   0	   0	
w channel: [27, 4]
   0	   0	   0	   0	   0	
   0	   0	   0	   0	   0	
   0	   0	   0	   0	   0	
   0	   0	   0	   0	   0	
   0	   0	   0	   0	   0	
w channel: [27, 5]
   0	   0	   0	   0	   0	
   0	   0	   0	   0	   0	
   0	   0	   0	   0	   0	
   0	   0	   0	   0	   0	
   0	   0	   0	   0	   0	
w channel: [27, 6]
   0	   0	   0	   0	   0	
   0	   0	   0	   0	   0	
   0	   0	   0	   0	   0	
   0	   0	   0	   0	   0	
   0	   0	   0	   0	   0	
w channel: [27, 7]
   0	   0	   0	   0	   0	
   0	   0	   0	   0	   0	
   0	   0	   0	   0	   0	
   0	   0	   0	   0	   0	
   0	   0	   0	   0	   0	
w channel: [28, 0]
   0	   0	   0	   0	   0	
   0	   0	   0	   0	   0	
   0	   0	   0	   0	   0	
   0	   0	   0	   0	   0	
   0	   0	   0	   0	   0	
w channel: [28, 1]
   0	   0	   0	   0	   0	
   0	   0	   0	   0	   0	
   0	   0	   0	   0	   0	
   0	   0	   0	   0	   0	
   0	   0	   0	   0	   0	
w channel: [28, 2]
   0	   0	   0	   0	   0	
   0	   0	   0	   0	   0	
   0	   0	   0	   0	   0	
   0	   0	   0	   0	   0	
   0	   0	   0	   0	   0	
w channel: [28, 3]
   0	   0	   0	   0	   0	
   0	   0	   0	   0	   0	
   0	   0	   0	   0	   0	
   0	   0	   0	   0	   0	
   0	   0	   0	   0	   0	
w channel: [28, 4]
   0	   0	   0	   0	   0	
   0	   0	   0	   0	   0	
   0	   0	   0	   0	   0	
   0	   0	   0	   0	   0	
   0	   0	   0	   0	   0	
w channel: [28, 5]
   0	   0	   0	   0	   0	
   0	   0	   0	   0	   0	
   0	   0	   0	   0	   0	
   0	   0	   0	   0	   0	
   0	   0	   0	   0	   0	
w channel: [28, 6]
   0	   0	   0	   0	   0	
   0	   0	   0	   0	   0	
   0	   0	   0	   0	   0	
   0	   0	   0	   0	   0	
   0	   0	   0	   0	   0	
w channel: [28, 7]
   0	   0	   0	   0	   0	
   0	   0	   0	   0	   0	
   0	   0	   0	   0	   0	
   0	   0	   0	   0	   0	
   0	   0	   0	   0	   0	
w channel: [29, 0]
   0	   0	   0	   0	   0	
   0	   0	   0	   0	   0	
   0	   0	   0	   0	   0	
   0	   0	   0	   0	   0	
   0	   0	   0	   0	   0	
w channel: [29, 1]
   0	   0	   0	   0	   0	
   0	   0	   0	   0	   0	
   0	   0	   0	   0	   0	
   0	   0	   0	   0	   0	
   0	   0	   0	   0	   0	
w channel: [29, 2]
   0	   0	   0	   0	   0	
   0	   0	   0	   0	   0	
   0	   0	   0	   0	   0	
   0	   0	   0	   0	   0	
   0	   0	   0	   0	   0	
w channel: [29, 3]
   0	   0	   0	   0	   0	
   0	   0	   0	   0	   0	
   0	   0	   0	   0	   0	
   0	   0	   0	   0	   0	
   0	   0	   0	   0	   0	
w channel: [29, 4]
   0	   0	   0	   0	   0	
   0	   0	   0	   0	   0	
   0	   0	   0	   0	   0	
   0	   0	   0	   0	   0	
   0	   0	   0	   0	   0	
w channel: [29, 5]
   0	   0	   0	   0	   0	
   0	   0	   0	   0	   0	
   0	   0	   0	   0	   0	
   0	   0	   0	   0	   0	
   0	   0	   0	   0	   0	
w channel: [29, 6]
   0	   0	   0	   0	   0	
   0	   0	   0	   0	   0	
   0	   0	   0	   0	   0	
   0	   0	   0	   0	   0	
   0	   0	   0	   0	   0	
w channel: [29, 7]
   0	   0	   0	   0	   0	
   0	   0	   0	   0	   0	
   0	   0	   0	   0	   0	
   0	   0	   0	   0	   0	
   0	   0	   0	   0	   0	
w channel: [30, 0]
   0	   0	   0	   0	   0	
   0	   0	   0	   0	   0	
   0	   0	   0	   0	   0	
   0	   0	   0	   0	   0	
   0	   0	   0	   0	   0	
w channel: [30, 1]
   0	   0	   0	   0	   0	
   0	   0	   0	   0	   0	
   0	   0	   0	   0	   0	
   0	   0	   0	   0	   0	
   0	   0	   0	   0	   0	
w channel: [30, 2]
   0	   0	   0	   0	   0	
   0	   0	   0	   0	   0	
   0	   0	   0	   0	   0	
   0	   0	   0	   0	   0	
   0	   0	   0	   0	   0	
w channel: [30, 3]
   0	   0	   0	   0	   0	
   0	   0	   0	   0	   0	
   0	   0	   0	   0	   0	
   0	   0	   0	   0	   0	
   0	   0	   0	   0	   0	
w channel: [30, 4]
   0	   0	   0	   0	   0	
   0	   0	   0	   0	   0	
   0	   0	   0	   0	   0	
   0	   0	   0	   0	   0	
   0	   0	   0	   0	   0	
w channel: [30, 5]
   0	   0	   0	   0	   0	
   0	   0	   0	   0	   0	
   0	   0	   0	   0	   0	
   0	   0	   0	   0	   0	
   0	   0	   0	   0	   0	
w channel: [30, 6]
   0	   0	   0	   0	   0	
   0	   0	   0	   0	   0	
   0	   0	   0	   0	   0	
   0	   0	   0	   0	   0	
   0	   0	   0	   0	   0	
w channel: [30, 7]
   0	   0	   0	   0	   0	
   0	   0	   0	   0	   0	
   0	   0	   0	   0	   0	
   0	   0	   0	   0	   0	
   0	   0	   0	   0	   0	
w channel: [31, 0]
   0	   0	  -2	  -2	   0	
   0	  -2	  -2	  -2	  -2	
   0	  -2	  -3	  -2	  -2	
   0	  -2	  -2	   0	   0	
   0	   0	   0	   0	   0	
w channel: [31, 1]
   0	   0	   0	   0	   0	
   0	   0	   0	   0	   0	
   0	   0	   0	   0	   0	
   0	   0	   0	   0	   0	
   0	   0	   0	   0	   0	
w channel: [31, 2]
   0	   0	   0	   0	   0	
   0	   0	   0	   0	   0	
   0	   0	   0	   0	   0	
   0	   0	   0	   0	   0	
   0	   0	   0	   0	   0	
w channel: [31, 3]
   0	   0	   0	   0	   0	
   0	   0	   0	   0	   0	
   0	   0	   0	   0	   0	
   0	   0	   0	   0	   0	
   0	   0	   0	   0	   0	
w channel: [31, 4]
   0	   0	   0	   0	   0	
   0	   0	   0	   0	   0	
   0	   0	   0	   0	   0	
   0	   0	   0	   0	   0	
   0	   0	   0	   0	   0	
w channel: [31, 5]
   0	   0	   0	   0	   0	
   0	   0	   0	   0	   0	
   0	   0	   0	   0	   0	
   0	   0	   0	   0	   0	
   0	   0	   0	   0	   0	
w channel: [31, 6]
   0	   0	   0	   0	   0	
   0	   0	   0	   0	   0	
   0	   0	   0	   0	   0	
   0	   0	   0	   0	   0	
   0	   0	   0	   0	   0	
w channel: [31, 7]
   0	   0	   0	   0	   0	
   0	   0	   0	   0	   0	
   0	   0	   0	   0	   0	
   0	   0	   0	   0	   0	
   0	   0	   0	   0	   0	
w channel: [32, 0]
   0	   0	  -2	  -2	   0	
  -3	  -3	  -3	  -3	   0	
  -3	  -3	  -4	  -3	   0	
  -2	  -3	  -3	   0	   0	
   0	   0	   0	   0	   0	
w channel: [32, 1]
   0	   0	   0	   0	   0	
   0	   0	   0	   0	   0	
   0	   0	   0	   0	   0	
   0	   0	   0	   0	   0	
   0	   0	   0	   0	   0	
w channel: [32, 2]
   0	   0	   0	   0	   0	
   0	   0	   0	   0	   0	
   0	   0	   0	   0	   0	
   0	   0	   0	   0	   0	
   0	   0	   0	   0	   0	
w channel: [32, 3]
   0	   0	   0	   0	   0	
   0	   0	   0	   0	   0	
   0	   0	   0	   0	   0	
   0	   0	   0	   0	   0	
   0	   0	   0	   0	   0	
w channel: [32, 4]
   0	   0	   0	   0	   0	
   0	   0	   0	   0	   0	
   0	   0	   0	   0	   0	
   0	   0	   0	   0	   0	
   0	   0	   0	   0	   0	
w channel: [32, 5]
   0	   0	   0	   0	   0	
   0	   0	   0	   0	   0	
   0	   0	   0	   0	   0	
   0	   0	   0	   0	   0	
   0	   0	   0	   0	   0	
w channel: [32, 6]
   0	   0	   0	   0	   0	
   0	   0	   0	   0	   0	
   0	   0	   0	   0	   0	
   0	   0	   0	   0	   0	
   0	   0	   0	   0	   0	
w channel: [32, 7]
   0	   0	   0	   0	   0	
   0	   0	   0	   0	   0	
   0	   0	   0	   0	   0	
   0	   0	   0	   0	   0	
   0	   0	   0	   0	   0	
w channel: [33, 0]
   0	   0	   0	   0	   0	
   0	   0	   0	   0	   0	
   0	   0	   0	   0	   0	
   0	   0	   0	   0	   0	
   0	   0	   0	   0	   0	
w channel: [33, 1]
   0	   0	   0	   0	   0	
   0	   0	   0	   0	   0	
   0	   0	   0	   0	   0	
   0	   0	   0	   0	   0	
   0	   0	   0	   0	   0	
w channel: [33, 2]
   0	   0	   0	   0	   0	
   0	   0	   0	   0	   0	
   0	   0	   0	   0	   0	
   0	   0	   0	   0	   0	
   0	   0	   0	   0	   0	
w channel: [33, 3]
   0	   0	   0	   0	   0	
   0	   0	   0	   0	   0	
   0	   0	   0	   0	   0	
   0	   0	   0	   0	   0	
   0	   0	   0	   0	   0	
w channel: [33, 4]
   0	   0	   0	   0	   0	
   0	   0	   0	   0	   0	
   0	   0	   0	   0	   0	
   0	   0	   0	   0	   0	
   0	   0	   0	   0	   0	
w channel: [33, 5]
   0	   0	   0	   0	   0	
   0	   0	   0	   0	   0	
   0	   0	   0	   0	   0	
   0	   0	   0	   0	   0	
   0	   0	   0	   0	   0	
w channel: [33, 6]
   0	   0	   0	   0	   0	
   0	   0	   0	   0	   0	
   0	   0	   0	   0	   0	
   0	   0	   0	   0	   0	
   0	   0	   0	   0	   0	
w channel: [33, 7]
   0	   0	   0	   0	   0	
   0	   0	   0	   0	   0	
   0	   0	   0	   0	   0	
   0	   0	   0	   0	   0	
   0	   0	   0	   0	   0	
w channel: [34, 0]
   0	   0	   0	   0	   0	
   0	   0	   0	   0	   0	
   0	   0	   0	   0	   0	
   0	   0	   0	   0	   0	
   0	   0	   0	   0	   0	
w channel: [34, 1]
   0	   0	   0	   0	   0	
   0	   0	   0	   0	   0	
   0	   0	   0	   0	   0	
   0	   0	   0	   0	   0	
   0	   0	   0	   0	   0	
w channel: [34, 2]
   0	   0	   0	   0	   0	
   0	   0	   0	   0	   0	
   0	   0	   0	   0	   0	
   0	   0	   0	   0	   0	
   0	   0	   0	   0	   0	
w channel: [34, 3]
   0	   0	   0	   0	   0	
   0	   0	   0	   0	   0	
   0	   0	   0	   0	   0	
   0	   0	   0	   0	   0	
   0	   0	   0	   0	   0	
w channel: [34, 4]
   0	   0	   0	   0	   0	
   0	   0	   0	   0	   0	
   0	   0	   0	   0	   0	
   0	   0	   0	   0	   0	
   0	   0	   0	   0	   0	
w channel: [34, 5]
   0	   0	   0	   0	   0	
   0	   0	   0	   0	   0	
   0	   0	   0	   0	   0	
   0	   0	   0	   0	   0	
   0	   0	   0	   0	   0	
w channel: [34, 6]
   0	   0	   0	   0	   0	
   0	   0	   0	   0	   0	
   0	   0	   0	   0	   0	
   0	   0	   0	   0	   0	
   0	   0	   0	   0	   0	
w channel: [34, 7]
   0	   0	   0	   0	   0	
   0	   0	   0	   0	   0	
   0	   0	   0	   0	   0	
   0	   0	   0	   0	   0	
   0	   0	   0	   0	   0	
w channel: [35, 0]
   0	   0	   0	   0	   0	
   0	   0	   0	   0	   0	
   0	   0	   0	   0	   0	
   0	   0	   0	   0	   0	
   0	   0	   0	   0	   0	
w channel: [35, 1]
   0	   0	   0	   0	   0	
   0	   0	   0	   0	   0	
   0	   0	   0	   0	   0	
   0	   0	   0	   0	   0	
   0	   0	   0	   0	   0	
w channel: [35, 2]
   0	   0	   0	   0	   0	
   0	   0	   0	   0	   0	
   0	   0	   0	   0	   0	
   0	   0	   0	   0	   0	
   0	   0	   0	   0	   0	
w channel: [35, 3]
   0	   0	   0	   0	   0	
   0	   0	   0	   0	   0	
   0	   0	   0	   0	   0	
   0	   0	   0	   0	   0	
   0	   0	   0	   0	   0	
w channel: [35, 4]
   0	   0	   0	   0	   0	
   0	   0	   0	   0	   0	
   0	   0	   0	   0	   0	
   0	   0	   0	   0	   0	
   0	   0	   0	   0	   0	
w channel: [35, 5]
   0	   0	   0	   0	   0	
   0	   0	   0	   0	   0	
   0	   0	   0	   0	   0	
   0	   0	   0	   0	   0	
   0	   0	   0	   0	   0	
w channel: [35, 6]
   0	   0	   0	   0	   0	
   0	   0	   0	   0	   0	
   0	   0	   0	   0	   0	
   0	   0	   0	   0	   0	
   0	   0	   0	   0	   0	
w channel: [35, 7]
   0	   0	   0	   0	   0	
   0	   0	   0	   0	   0	
   0	   0	   0	   0	   0	
   0	   0	   0	   0	   0	
   0	   0	   0	   0	   0	
w channel: [36, 0]
   0	  -3	  -3	  -3	  -2	
  -3	  -3	  -4	  -3	  -3	
   0	  -3	  -3	  -3	  -3	
   0	   0	   0	   0	   0	
   0	   0	   0	   0	   0	
w channel: [36, 1]
   0	   0	   0	   0	   0	
   0	   0	   0	   0	   0	
   0	   0	   0	   0	   0	
   0	   0	   0	   0	   0	
   0	   0	   0	   0	   0	
w channel: [36, 2]
   0	   0	   0	   0	   0	
   0	   0	   0	   0	   0	
   0	   0	   0	   0	   0	
   0	   0	   0	   0	   0	
   0	   0	   0	   0	   0	
w channel: [36, 3]
   0	   0	   0	   0	   0	
   0	   0	   0	   0	   0	
   0	   0	   0	   0	   0	
   0	   0	   0	   0	   0	
   0	   0	   0	   0	   0	
w channel: [36, 4]
   0	   0	   0	   0	   0	
   0	   0	   0	   0	   0	
   0	   0	   0	   0	   0	
   0	   0	   0	   0	   0	
   0	   0	   0	   0	   0	
w channel: [36, 5]
   0	   0	   0	   0	   0	
   0	   0	   0	   0	   0	
   0	   0	   0	   0	   0	
   0	   0	   0	   0	   0	
   0	   0	   0	   0	   0	
w channel: [36, 6]
   0	   0	   0	   0	   0	
   0	   0	   0	   0	   0	
   0	   0	   0	   0	   0	
   0	   0	   0	   0	   0	
   0	   0	   0	   0	   0	
w channel: [36, 7]
   0	   0	   0	   0	   0	
   0	   0	   0	   0	   0	
   0	   0	   0	   0	   0	
   0	   0	   0	   0	   0	
   0	   0	   0	   0	   0	
w channel: [37, 0]
   0	   0	   0	   0	   0	
   0	   0	   0	   0	   0	
   0	   0	   0	   0	   0	
   0	   0	   0	   0	   0	
   0	   0	   0	   0	   0	
w channel: [37, 1]
   0	   0	   0	   0	   0	
   0	   0	   0	   0	   0	
   0	   0	   0	   0	   0	
   0	   0	   0	   0	   0	
   0	   0	   0	   0	   0	
w channel: [37, 2]
   0	   0	   0	   0	   0	
   0	   0	   0	   0	   0	
   0	   0	   0	   0	   0	
   0	   0	   0	   0	   0	
   0	   0	   0	   0	   0	
w channel: [37, 3]
   0	   0	   0	   0	   0	
   0	   0	   0	   0	   0	
   0	   0	   0	   0	   0	
   0	   0	   0	   0	   0	
   0	   0	   0	   0	   0	
w channel: [37, 4]
   0	   0	   0	   0	   0	
   0	   0	   0	   0	   0	
   0	   0	   0	   0	   0	
   0	   0	   0	   0	   0	
   0	   0	   0	   0	   0	
w channel: [37, 5]
   0	   0	   0	   0	   0	
   0	   0	   0	   0	   0	
   0	   0	   0	   0	   0	
   0	   0	   0	   0	   0	
   0	   0	   0	   0	   0	
w channel: [37, 6]
   0	   0	   0	   0	   0	
   0	   0	   0	   0	   0	
   0	   0	   0	   0	   0	
   0	   0	   0	   0	   0	
   0	   0	   0	   0	   0	
w channel: [37, 7]
   0	   0	   0	   0	   0	
   0	   0	   0	   0	   0	
   0	   0	   0	   0	   0	
   0	   0	   0	   0	   0	
   0	   0	   0	   0	   0	
w channel: [38, 0]
   0	   0	   0	   0	   0	
   0	   0	   0	   0	   0	
   0	   0	   0	   0	   0	
   0	   0	   0	   0	   0	
   0	   0	   0	   0	   0	
w channel: [38, 1]
   0	   0	   0	   0	   0	
   0	   0	   0	   0	   0	
   0	   0	   0	   0	   0	
   0	   0	   0	   0	   0	
   0	   0	   0	   0	   0	
w channel: [38, 2]
   0	   0	   0	   0	   0	
   0	   0	   0	   0	   0	
   0	   0	   0	   0	   0	
   0	   0	   0	   0	   0	
   0	   0	   0	   0	   0	
w channel: [38, 3]
   0	   0	   0	   0	   0	
   0	   0	   0	   0	   0	
   0	   0	   0	   0	   0	
   0	   0	   0	   0	   0	
   0	   0	   0	   0	   0	
w channel: [38, 4]
   0	   0	   0	   0	   0	
   0	   0	   0	   0	   0	
   0	   0	   0	   0	   0	
   0	   0	   0	   0	   0	
   0	   0	   0	   0	   0	
w channel: [38, 5]
   0	   0	   0	   0	   0	
   0	   0	   0	   0	   0	
   0	   0	   0	   0	   0	
   0	   0	   0	   0	   0	
   0	   0	   0	   0	   0	
w channel: [38, 6]
   0	   0	   0	   0	   0	
   0	   0	   0	   0	   0	
   0	   0	   0	   0	   0	
   0	   0	   0	   0	   0	
   0	   0	   0	   0	   0	
w channel: [38, 7]
   0	   0	   0	   0	   0	
   0	   0	   0	   0	   0	
   0	   0	   0	   0	   0	
   0	   0	   0	   0	   0	
   0	   0	   0	   0	   0	
w channel: [39, 0]
   0	   0	   0	   0	   0	
   0	   0	   0	   0	   0	
   0	   0	   0	   0	   0	
   0	   0	   0	   0	   0	
   0	   0	   0	   0	   0	
w channel: [39, 1]
   0	   0	   0	   0	   0	
   0	   0	   0	   0	   0	
   0	   0	   0	   0	   0	
   0	   0	   0	   0	   0	
   0	   0	   0	   0	   0	
w channel: [39, 2]
   0	   0	   0	   0	   0	
   0	   0	   0	   0	   0	
   0	   0	   0	   0	   0	
   0	   0	   0	   0	   0	
   0	   0	   0	   0	   0	
w channel: [39, 3]
   0	   0	   0	   0	   0	
   0	   0	   0	   0	   0	
   0	   0	   0	   0	   0	
   0	   0	   0	   0	   0	
   0	   0	   0	   0	   0	
w channel: [39, 4]
   0	   0	   0	   0	   0	
   0	   0	   0	   0	   0	
   0	   0	   0	   0	   0	
   0	   0	   0	   0	   0	
   0	   0	   0	   0	   0	
w channel: [39, 5]
   0	   0	   0	   0	   0	
   0	   0	   0	   0	   0	
   0	   0	   0	   0	   0	
   0	   0	   0	   0	   0	
   0	   0	   0	   0	   0	
w channel: [39, 6]
   0	   0	   0	   0	   0	
   0	   0	   0	   0	   0	
   0	   0	   0	   0	   0	
   0	   0	   0	   0	   0	
   0	   0	   0	   0	   0	
w channel: [39, 7]
   0	   0	   0	   0	   0	
   0	   0	   0	   0	   0	
   0	   0	   0	   0	   0	
   0	   0	   0	   0	   0	
   0	   0	   0	   0	   0	
w channel: [40, 0]
   0	   0	   0	   0	   0	
   0	   0	   0	   0	   0	
   0	   0	   0	   0	   0	
   0	   0	   0	   0	   0	
   0	   0	   0	   0	   0	
w channel: [40, 1]
   0	   0	   0	   0	   0	
   0	   0	   0	   0	   0	
   0	   0	   0	   0	   0	
   0	   0	   0	   0	   0	
   0	   0	   0	   0	   0	
w channel: [40, 2]
   0	   0	   0	   0	   0	
   0	   0	   0	   0	   0	
   0	   0	   0	   0	   0	
   0	   0	   0	   0	   0	
   0	   0	   0	   0	   0	
w channel: [40, 3]
   0	   0	   0	   0	   0	
   0	   0	   0	   0	   0	
   0	   0	   0	   0	   0	
   0	   0	   0	   0	   0	
   0	   0	   0	   0	   0	
w channel: [40, 4]
   0	   0	   0	   0	   0	
   0	   0	   0	   0	   0	
   0	   0	   0	   0	   0	
   0	   0	   0	   0	   0	
   0	   0	   0	   0	   0	
w channel: [40, 5]
   0	   0	   0	   0	   0	
   0	   0	   0	   0	   0	
   0	   0	   0	   0	   0	
   0	   0	   0	   0	   0	
   0	   0	   0	   0	   0	
w channel: [40, 6]
   0	   0	   0	   0	   0	
   0	   0	   0	   0	   0	
   0	   0	   0	   0	   0	
   0	   0	   0	   0	   0	
   0	   0	   0	   0	   0	
w channel: [40, 7]
   0	   0	   0	   0	   0	
   0	   0	   0	   0	   0	
   0	   0	   0	   0	   0	
   0	   0	   0	   0	   0	
   0	   0	   0	   0	   0	
w channel: [41, 0]
  -2	  -2	  -2	  -2	   0	
  -3	  -3	  -3	   0	   0	
  -3	  -3	  -3	  -3	   0	
  -2	  -2	   0	   0	   0	
   0	   0	   0	   0	   0	
w channel: [41, 1]
   0	   0	   0	   0	   0	
   0	   0	   0	   0	   0	
   0	   0	   0	   0	   0	
   0	   0	   0	   0	   0	
   0	   0	   0	   0	   0	
w channel: [41, 2]
   0	   0	   0	   0	   0	
   0	   0	   0	   0	   0	
   0	   0	   0	   0	   0	
   0	   0	   0	   0	   0	
   0	   0	   0	   0	   0	
w channel: [41, 3]
   0	   0	   0	   0	   0	
   0	   0	   0	   0	   0	
   0	   0	   0	   0	   0	
   0	   0	   0	   0	   0	
   0	   0	   0	   0	   0	
w channel: [41, 4]
   0	   0	   0	   0	   0	
   0	   0	   0	   0	   0	
   0	   0	   0	   0	   0	
   0	   0	   0	   0	   0	
   0	   0	   0	   0	   0	
w channel: [41, 5]
   0	   0	   0	   0	   0	
   0	   0	   0	   0	   0	
   0	   0	   0	   0	   0	
   0	   0	   0	   0	   0	
   0	   0	   0	   0	   0	
w channel: [41, 6]
   0	   0	   0	   0	   0	
   0	   0	   0	   0	   0	
   0	   0	   0	   0	   0	
   0	   0	   0	   0	   0	
   0	   0	   0	   0	   0	
w channel: [41, 7]
   0	   0	   0	   0	   0	
   0	   0	   0	   0	   0	
   0	   0	   0	   0	   0	
   0	   0	   0	   0	   0	
   0	   0	   0	   0	   0	
w channel: [42, 0]
   2	   2	   2	   2	   2	
   2	   3	   3	   3	   2	
   3	   3	   3	   3	   2	
   3	   3	   3	   3	   2	
   2	   2	   2	   2	   0	
w channel: [42, 1]
   0	   0	   0	   0	   0	
   0	   0	   0	   0	   0	
   0	   0	   0	   0	   0	
   0	   0	   0	   0	   0	
   0	   0	   0	   0	   0	
w channel: [42, 2]
   0	   0	   0	   0	   0	
   0	   0	   0	   0	   0	
   0	   0	   0	   0	   0	
   0	   0	   0	   0	   0	
   0	   0	   0	   0	   0	
w channel: [42, 3]
   0	   0	   0	   0	   0	
   0	   0	   0	   0	   0	
   0	   0	   0	   0	   0	
   0	   0	   0	   0	   0	
   0	   0	   0	   0	   0	
w channel: [42, 4]
   0	   0	   0	   0	   0	
   0	   0	   0	   0	   0	
   0	   0	   0	   0	   0	
   0	   0	   0	   0	   0	
   0	   0	   0	   0	   0	
w channel: [42, 5]
   0	   0	   0	   0	   0	
   0	   0	   0	   0	   0	
   0	   0	   0	   0	   0	
   0	   0	   0	   0	   0	
   0	   0	   0	   0	   0	
w channel: [42, 6]
   0	   0	   0	   0	   0	
   0	   0	   0	   0	   0	
   0	   0	   0	   0	   0	
   0	   0	   0	   0	   0	
   0	   0	   0	   0	   0	
w channel: [42, 7]
   0	   0	   0	   0	   0	
   0	   0	   0	   0	   0	
   0	   0	   0	   0	   0	
   0	   0	   0	   0	   0	
   0	   0	   0	   0	   0	
w channel: [43, 0]
   0	   0	   0	   0	   0	
   0	   0	   0	   0	   0	
   0	   0	   0	   0	   0	
   0	   0	   0	   0	   0	
   0	   0	   0	   0	   0	
w channel: [43, 1]
   0	   0	   0	   0	   0	
   0	   0	   0	   0	   0	
   0	   0	   0	   0	   0	
   0	   0	   0	   0	   0	
   0	   0	   0	   0	   0	
w channel: [43, 2]
   0	   0	   0	   0	   0	
   0	   0	   0	   0	   0	
   0	   0	   0	   0	   0	
   0	   0	   0	   0	   0	
   0	   0	   0	   0	   0	
w channel: [43, 3]
   0	   0	   0	   0	   0	
   0	   0	   0	   0	   0	
   0	   0	   0	   0	   0	
   0	   0	   0	   0	   0	
   0	   0	   0	   0	   0	
w channel: [43, 4]
   0	   0	   0	   0	   0	
   0	   0	   0	   0	   0	
   0	   0	   0	   0	   0	
   0	   0	   0	   0	   0	
   0	   0	   0	   0	   0	
w channel: [43, 5]
   0	   0	   0	   0	   0	
   0	   0	   0	   0	   0	
   0	   0	   0	   0	   0	
   0	   0	   0	   0	   0	
   0	   0	   0	   0	   0	
w channel: [43, 6]
   0	   0	   0	   0	   0	
   0	   0	   0	   0	   0	
   0	   0	   0	   0	   0	
   0	   0	   0	   0	   0	
   0	   0	   0	   0	   0	
w channel: [43, 7]
   0	   0	   0	   0	   0	
   0	   0	   0	   0	   0	
   0	   0	   0	   0	   0	
   0	   0	   0	   0	   0	
   0	   0	   0	   0	   0	
w channel: [44, 0]
   0	   0	   0	   0	   0	
   0	   0	   0	   0	   0	
   0	   0	   0	   0	   0	
   0	   0	   0	   0	   0	
   0	   0	   0	   0	   0	
w channel: [44, 1]
   0	   0	   0	   0	   0	
   0	   0	   0	   0	   0	
   0	   0	   0	   0	   0	
   0	   0	   0	   0	   0	
   0	   0	   0	   0	   0	
w channel: [44, 2]
   0	   0	   0	   0	   0	
   0	   0	   0	   0	   0	
   0	   0	   0	   0	   0	
   0	   0	   0	   0	   0	
   0	   0	   0	   0	   0	
w channel: [44, 3]
   0	   0	   0	   0	   0	
   0	   0	   0	   0	   0	
   0	   0	   0	   0	   0	
   0	   0	   0	   0	   0	
   0	   0	   0	   0	   0	
w channel: [44, 4]
   0	   0	   0	   0	   0	
   0	   0	   0	   0	   0	
   0	   0	   0	   0	   0	
   0	   0	   0	   0	   0	
   0	   0	   0	   0	   0	
w channel: [44, 5]
   0	   0	   0	   0	   0	
   0	   0	   0	   0	   0	
   0	   0	   0	   0	   0	
   0	   0	   0	   0	   0	
   0	   0	   0	   0	   0	
w channel: [44, 6]
   0	   0	   0	   0	   0	
   0	   0	   0	   0	   0	
   0	   0	   0	   0	   0	
   0	   0	   0	   0	   0	
   0	   0	   0	   0	   0	
w channel: [44, 7]
   0	   0	   0	   0	   0	
   0	   0	   0	   0	   0	
   0	   0	   0	   0	   0	
   0	   0	   0	   0	   0	
   0	   0	   0	   0	   0	
w channel: [45, 0]
   3	   3	   3	   3	   3	
   4	   4	   4	   4	   4	
   4	   4	   4	   4	   4	
   4	   4	   4	   4	   4	
   3	   4	   4	   4	   3	
w channel: [45, 1]
   0	   0	   0	   0	   0	
   0	   0	   0	   0	   0	
   0	   0	   0	   0	   0	
   0	   0	   0	   0	   0	
   0	   0	   0	   0	   0	
w channel: [45, 2]
   0	   0	   0	   0	   0	
   0	   0	   0	   0	   0	
   0	   0	   0	   0	   0	
   0	   0	   0	   0	   0	
   0	   0	   0	   0	   0	
w channel: [45, 3]
   0	   0	   0	   0	   0	
   0	   0	   0	   0	   0	
   0	   0	   0	   0	   0	
   0	   0	   0	   0	   0	
   0	   0	   0	   0	   0	
w channel: [45, 4]
   0	   0	   0	   0	   0	
   0	   0	   0	   0	   0	
   0	   0	   0	   0	   0	
   0	   0	   0	   0	   0	
   0	   0	   0	   0	   0	
w channel: [45, 5]
   0	   0	   0	   0	   0	
   0	   0	   0	   0	   0	
   0	   0	   0	   0	   0	
   0	   0	   0	   0	   0	
   0	   0	   0	   0	   0	
w channel: [45, 6]
   0	   0	   0	   0	   0	
   0	   0	   0	   0	   0	
   0	   0	   0	   0	   0	
   0	   0	   0	   0	   0	
   0	   0	   0	   0	   0	
w channel: [45, 7]
   0	   0	   0	   0	   0	
   0	   0	   0	   0	   0	
   0	   0	   0	   0	   0	
   0	   0	   0	   0	   0	
   0	   0	   0	   0	   0	
w channel: [46, 0]
   0	   0	   0	   0	   0	
   0	   0	   0	   0	   0	
   0	   0	   0	   0	   0	
   0	   0	   0	   0	   0	
   0	   0	   0	   0	   0	
w channel: [46, 1]
   0	   0	   0	   0	   0	
   0	   0	   0	   0	   0	
   0	   0	   0	   0	   0	
   0	   0	   0	   0	   0	
   0	   0	   0	   0	   0	
w channel: [46, 2]
   0	   0	   0	   0	   0	
   0	   0	   0	   0	   0	
   0	   0	   0	   0	   0	
   0	   0	   0	   0	   0	
   0	   0	   0	   0	   0	
w channel: [46, 3]
   0	   0	   0	   0	   0	
   0	   0	   0	   0	   0	
   0	   0	   0	   0	   0	
   0	   0	   0	   0	   0	
   0	   0	   0	   0	   0	
w channel: [46, 4]
   0	   0	   0	   0	   0	
   0	   0	   0	   0	   0	
   0	   0	   0	   0	   0	
   0	   0	   0	   0	   0	
   0	   0	   0	   0	   0	
w channel: [46, 5]
   0	   0	   0	   0	   0	
   0	   0	   0	   0	   0	
   0	   0	   0	   0	   0	
   0	   0	   0	   0	   0	
   0	   0	   0	   0	   0	
w channel: [46, 6]
   0	   0	   0	   0	   0	
   0	   0	   0	   0	   0	
   0	   0	   0	   0	   0	
   0	   0	   0	   0	   0	
   0	   0	   0	   0	   0	
w channel: [46, 7]
   0	   0	   0	   0	   0	
   0	   0	   0	   0	   0	
   0	   0	   0	   0	   0	
   0	   0	   0	   0	   0	
   0	   0	   0	   0	   0	
w channel: [47, 0]
   0	   0	   0	   0	   0	
   0	   0	   0	   0	   0	
   0	   0	   0	   0	   0	
   0	   0	   0	   0	   0	
   0	   0	   0	   0	   0	
w channel: [47, 1]
   0	   0	   0	   0	   0	
   0	   0	   0	   0	   0	
   0	   0	   0	   0	   0	
   0	   0	   0	   0	   0	
   0	   0	   0	   0	   0	
w channel: [47, 2]
   0	   0	   0	   0	   0	
   0	   0	   0	   0	   0	
   0	   0	   0	   0	   0	
   0	   0	   0	   0	   0	
   0	   0	   0	   0	   0	
w channel: [47, 3]
   0	   0	   0	   0	   0	
   0	   0	   0	   0	   0	
   0	   0	   0	   0	   0	
   0	   0	   0	   0	   0	
   0	   0	   0	   0	   0	
w channel: [47, 4]
   0	   0	   0	   0	   0	
   0	   0	   0	   0	   0	
   0	   0	   0	   0	   0	
   0	   0	   0	   0	   0	
   0	   0	   0	   0	   0	
w channel: [47, 5]
   0	   0	   0	   0	   0	
   0	   0	   0	   0	   0	
   0	   0	   0	   0	   0	
   0	   0	   0	   0	   0	
   0	   0	   0	   0	   0	
w channel: [47, 6]
   0	   0	   0	   0	   0	
   0	   0	   0	   0	   0	
   0	   0	   0	   0	   0	
   0	   0	   0	   0	   0	
   0	   0	   0	   0	   0	
w channel: [47, 7]
   0	   0	   0	   0	   0	
   0	   0	   0	   0	   0	
   0	   0	   0	   0	   0	
   0	   0	   0	   0	   0	
   0	   0	   0	   0	   0	
