1010
1110
1010
0
1010
1110
1010
0
110
1110
1010
0
1110
1010
0
1110
0
1110
0
110
1011
1010
0
110
1011
1010
0
110
1011
1010
0
1110
0
110
1110
1010
0
110
1011
1010
0
110
1011
1010
0
110
1011
0
1110
0
1010
1011
0
1010
1011
1010
0
1011
0
1011
0
1110
0
1110
0
1110
0
1110
0
1110
0
1110
0
1010
0
1010
1111
0
110
1111
110
0
1010
110
110
0
1010
110
0
1010
1111
0
110
1111
1111
0
110
10000
1111
0
110
1111
1111
0
1010
110
0
1111
0
10000
1111
0
110
10000
1111
0
1010
1111
1111
0
110
0
110
0
110
110
0
110
0
0
0
0
0
0
0
0
0
1001
0
1001
110
1010
0
1001
110
1010
0
0
1001
1010
0
1001
110
0
1001
110
110
0
1001
110
110
0
1001
110
0
1001
110
0
1001
110
110
0
1001
110
110
0
1001
110
110
0
1001
110
0
1001
1010
0
1001
110
1010
0
1001
110
1010
0
1001
0
1001
0
1001
0
1001
0
1001
0
1001
0
1001
0
0
0
110
0
110
0
0
0
110
0
110
0
110
0
110
0
0
110
0
1111
0
110
0
110
0
0
110
0
110
0
0
0
0
0
0
0
0
0
1111
0
110
1111
0
110
1111
0
110
0
1111
1111
0
1111
1111
0
1111
10000
0
1111
1111
0
1111
0
1111
0
1111
1111
0
10000
1111
0
1111
1111
0
1111
0
110
0
1111
0
1111
0
0
0
0
0
0
0
0
110
10001
1110
0
110
10001
1110
0
110
10001
1110
0
110
10001
1110
0
10001
1110
0
1111
10001
1011
0
1111
1110
1011
0
1111
1110
1011
0
1110
1011
0
10001
1011
0
1111
1110
1011
0
1111
1110
1011
0
1111
1110
1011
0
1111
1110
1011
0
10001
1011
0
110
1110
1011
0
110
1110
1011
0
1110
1011
0
1110
1011
0
10001
1011
0
10001
1110
0
10001
1011
0
10001
1011
0
10001
1011
0
1110
0
