110000100000000
100010000000100
100001100000010
100001100000010
100001100000001
100001100000001
110001000000000
110001100000000
100001100000011
100001100000011
100010000001000
110010000000000
110010100000000
100010000111111
110011000000000
110011100000000
100001000100011
100001000100011
100001000100011
100001000100011
100001000010110
100001000010110
100001000010110
100001000010110
100001100100000
100001100100000
100001100010011
100001100010011
100001000001111
100001000001111
100001000001111
100001000001111
100000100001001
100000100001001
100000100001001
100000100001001
100000100001001
100000100001001
100000100001001
100000100001001
100001100110011
100001100110011
100010000011101
100010000001010
100010000001110
100010000101000
100010000110100
100010000011001
100000100001100
100000100001100
100000100001100
100000100001100
100000100001100
100000100001100
100000100001100
100000100001100
100010000011010
100010000111011
100001100011111
100001100011111
100001000000111
100001000000111
100001000000111
100001000000111
100000100000101
100000100000101
100000100000101
100000100000101
100000100000101
100000100000101
100000100000101
100000100000101
100001100110000
100001100110000
100001100000000
100001100000000
100001000011000
100001000011000
100001000011000
100001000011000
100001000010001
100001000010001
100001000010001
100001000010001
100001100011100
100001100011100
100001100100100
100001100100100
100000100001011
100000100001011
100000100001011
100000100001011
100000100001011
100000100001011
100000100001011
100000100001011
100001000011011
100001000011011
100001000011011
100001000011011
100001100100001
100001100100001
100001100111100
100001100111100
100001000010111
100001000010111
100001000010111
100001000010111
100001000010100
100001000010100
100001000010100
100001000010100
100000100000110
100000100000110
100000100000110
100000100000110
100000100000110
100000100000110
100000100000110
100000100000110
100000100010000
100000100010000
100000100010000
100000100010000
100000100010000
100000100010000
100000100010000
100000100010000
