1110011
001
010
111011
111000
01110
0001
000001
11111
11111
11110
100
01110
000011
1010
11111
01100
100
111011
11110
010
1010
01110
10110
011111
0001
110000
100
001
0001
010
11110
100
001
11111
100
001
0001
111000
0000100
0001
000000
101111
0001
0111101
0001
1100010
111000
1100011
0001
011111
1110010
0000101
100
101111
1100011
1101
11001
1110010
010
001
11111
1101
1101
1101
100
1110011
111000
010
000000
100
010
111010
010
11111
11111
100
0001
001
000001
000000
111000
010
000011
010
001
11110
001
11110
100
100
111011
100
010
11111
010
001
11110
1010
100
100
101111
110000
001
11110
10110
100
100
1011101
111000
100
01101100
1010
11001
1011101
001
010
111010
010
110000
001
11110
11001
100
111010
010
110000
1010
11001
1101
01110
0110100
1101
1101
01110
100
0001
010
010
001
01101101
1101
1101
1101
11001
01101110
1101
0001
01110
11001
101111
010
001
01100
100
010
111010
1100011
0001
11001
10110
011111
01100
011111
010
1010
11001
100
010
11001
10110
11111
001
10110
010
001
11110
001
01100
0001
11111
000011
010
001
11110
001
11110
001
01100
111011
1100010
000011
11111
100
101111
111011
1101
1101
1110011
100
1101
01110
0110100
01110
010
001
1011100
1101
1101
1100010
0111101
0001
1101
11001
1110010
11111
100
100
010
1010
111010
010
001
10110
01100
1010
100
100
01100
001
000001
001
10110
010
1010
1010
001
010
1011101
11001
110000
11111
1010
1010
001
010
100
010
111010
010
1010
1010
1010
1010
100
001
001
10110
100
001
000001
1010
01101011
11110
001
010
1010
111011
11111
0000101
100
01101111
01101010
11110
01100
1011100
100
100
1101
10110
0000100
01111000
1101
1101
1101
1101
1101
1101
01111001
0001
