10010100001101100111011001111101111110111111010100010010111010000011101111110111111010001010110100000000000000000000000000000001
00000000000000000000000000000000000000000000000000000000000000000000000000000011001111011111101111110100010110000100000111100100
01010110100001110111111011111101000011111101100111010000111011111101111111100010110000110011111111111000000000000000000000000011
00000000000000000000000000000000000000000000000000001000110100001110111111011111101010001000011001111100010100001110010000101010
10110100000000010111111111011111101111110101000111101100111011111111101111110111111010001010110110011000000000000000000000000101
00000000000000000000000000000000000000000000000000000000000010001101111111110111111011111100000101100001000001111010110000110110
11101011111010111101000011101111110111111110001011111011010110100001110111111011111101010000110110011000000000000000000000100001
00000000000000000000000000000000000000000000000000010001101000011101111110111111010100010011001101111011111000100001100111101010
11010111110110111000000111011111101111110100001111110110010100000011101111110111111110001010110110101000000000000000000000100011
00000000000000000000000000000000000000000000100011000000111011111101111111100010110011010101111011110010110011000110111111101010
11011001111010111101000011101111110111111010100011110110101101000011101111110111111010001010110110101000000000000000000000100101
00000000000000000000000000000000000000000000000000000000000000000100011010000111011111101111110100010110011001100100110011011000
01011110111011101010000111011111101111110100010111110110011101000011101111110111111000001010110110011000000000000000000001000001
00000000000000000000000000000000000000000000000000000000000000000000000000000100011001100001110111111000001011001100110010010110
00101111011101110100000011101111110111111010100011110110101100000011101111110111111010001010110110101000000000000000000001000011
00000000000000000000000000000000000000000000000000000000000000000000000010001101000011101111110111111000001011001101010010010110
01001011110111011011101000011101111110111111000001011111011010110011000011101111110110111110110110011000000000000000000001000101
00000000000000000000000000000000000000000000000000000000000000000000000000001000110011000011101111110110111111001100110010010110
10101010100011010110110010001100100111001110101111010010011100100110010000101001001110101111000110000000000000000000001000000001
01001100010101000010100010001100100111001110110111000010011110000110000000101001001100010111000100000000000000000000001000000011
00000000000000000000000000000000000000000000000000000000000000000000000000000000000000000000000000000000000000000000000010100100
00010100110111001010100001011001101100001110110111010101011000100110010000101010101110010111000110000000000000000000001000000101
10011101010101010101011101101010110111100110001111011000011110000110010011101100001111000111000110011000000000000000001000100001
00000000000000000000000000000000000000000000000000000000000000000000000000000000000000000000000000000000010000100111100010100110
10110110101010101110110101011011110011000111101001010110011111011001010110110000110011111111000110011000000000000000001000100011
00000000000000000000000000000000000000000000000000000000000000000000000000000000000000000000000000000000101100001110010110100110
00000101001010101010111011010101101111001100011110000100111001010110010011101001001111000111000100000000000000000000001000100101
00000000000000000000000000000000000000000000000000000000000000000000000000000000000000000000000000000000010100100111100010000000
01010100111010001111011010010101101110110110001111011000011110000110010011100001001111000111000110011000000000000000001001000001
00000000000000000000000000000000000000000000000000000000000000000000000000000000000000000000000000000000000000001000010011000100
11010011101000111101101101001110111011011000111101100001110010101100101011000010011100101111000110101000000000000000001001000011
00000000000000000000000000000000000000000000000000000000000000000000000000000000000000000000000000000000000000010000100111001010
01010101100010100000010110011100011110001110101111010010011110000110010011101001001111000111000110011000000000000000001001000101
00000000000000000000000000000000000000000000000000000000000000000000000000000000000000000000000000000000000000000000000010101010
00001000000011100111010101010110111100010100111111100000001110011011000111110000000111001111100011010000000000000000010000000001
00000101001101110011101010101100111100010100100001010011011101010110001111101001101110101111000101111000000000000000010000000011
00000000000010000000110000010101010101111010100101110000000111001101100101010000000110000011100011010000000000000000010000000101
10111010110101010110011100101000010011100111011011101001101110010011000111110100110111001011100011010000000000000000010000100001
00000000000000000000000000000000000000000000000000000000000000000000000000000000000000000000000000000000000000000000000010100110
01010101010001110010100001001110111011011001111111010101011100100110001111101010101110010111000101111000000000000000010000100011
00000000000000000000000000000000000000000000000000000000000000000000000000000000000000000000000000000000000000001010101011100100
01001101110011101010101100100011101001110011101011110100110111010101100101010100110111010111100011010000000000000000010000100101
00000000000000000000000000000000000000000000000000000000000000000000000000000000000000000000000000000000000000000000000010100110
00000000000001000000011101011011011010111101010011010100110111001001100101010100110111010111100011010000000000000000010001000001
00000000000001010011011101011010101010111101010011010100110111001001100101010100110111010111100011010000000000000000010001000011
00000000000000000000000010000000111001111011100110110100110111001101100110110000000111001111100011101000000000000000010001000101
00000000000000000000000000000000000000000000000000000000000011011001110101011101000100110011000110011000000000000000011000000001
00000000000000000000000000000000000000000000000000000000000011011010110101011101000101010011000110101000000000000000011000000011
00000000000000000000000000000000000000000000000000000000000110100000101010110111000100110011000110011000000000000000011000000101
00000000000000000000000000000000000000000000000000000011011001001101100100010111000100100011000110010000000000000000011000100001
00000000000000000000000000000000000000000000000000000011011001001101100100010111000000100011000110010000000000000000011000100011
00000000000000000000000000000000000000000000000000000011011010101101100100001111000101010011000110101000000000000000011000100101
00000000000000000000000000000000000000000000000000000000000011011010110101011101000100100011000110101000000000000000011001000001
00000000000000000000000000000000000000000000000000000000000011011010110101011101000100100011000110010000000000000000011001000011
00000000000000000000000000000000000000000000000000000000000000000001000001100111000101010011000110011000000000000000011001000101
10111011101010111010101111001110001101111111010111111011101110010111101100101110111011100100110110010000000000000000100000000001
00000000000000000000000000000000000000000000000000000000000000000000000000000000000000000000000000000000000000000001000111101110
10111011100100110001001110001110001101111111011011111011101100010111101110001110111011000100110100010000000000000000100000000011
00000000000000000000000000000000000000000000000000000000000000000000000000000000000000000000000000000000000000000001000111101110
10111011101010111001001111001110001101111111011011111011101110101111101000101110111011101010110110010000000000000000100000000101
00000000000000000000000000000000000000000000000000000000000000000000000000000000000000000000000000000000000000000001000111101110
11011110000111100001110100111010011110111101101111101110111001011111011100011101110111001010110111000000000000000000100000100001
00000000000000000000000000000000000000000000000000000000000000000000000000000000000000000000000000000000000000000001000111101110
10010101110010101110100111010011110111101110111011101100111111111010011111111011101110010101101100101000000000000000100000100011
00000000000000000000000000000000000000000000000000000000000000000000000000000000000000000000000000000000001000111101110111001010
11101100010011110000111101011110101110111111011011111011101111000111101110001110111011000100110111000000000000000000100000100101
00000000000000000000000000000000000000000000000000000000000000000000000000000000000000000000000000000000000000000001000111101110
11011110000110001001110100111000111011111101011111101110111001011111010001011101110111001010110100010000000000000000100001000001
00000000000000000000000000000000000000000000000000000000000000000000000000000000000000000000000000000000000000000001000111101110
11100101011110000111101011100011101111110101111110111011001111111110110010111101110111001010110111000000000000000000100001000011
00000000000000000000000000000000000000000000000000000000000000000000000000000000000000000000000000000000001000111101110111001010
10111011000100110001001110001111001110111111010111111011101111000111101000101110111011000100110100010000000000000000100001000101
00000000000000000000000000000000000000000000000000000000000000000000000000000000000000000000000000000000000000000001000111101110
00000100111100100001111101111111100001101100100111001111011000101111011111110010000111001100100111111000000000000000101000000001
00000000000000000000000000000000000000000000100111100101000111011111110010000111001110011001011110011011110100110011111101000000
11100111101011010001110111111011011111011001001010011110010000111110111111110000110111001000100111111000000000000000101000000011
00000000000000000000000000000000000010011110010000111110111111110000110111001010011100011110101011100100110101111000000110001110
00011110011110110001011110111111110000110110010010100111100101000111011111110010000111001000100111111000000000000000101000000101
00000000000000000000000000000000000000100111100101000111011111110010000111010110011001011110011011110100110011111100000110001110
11100111101011010001110111111011011111011000001010011110010000111110111111110000110110001000100111111000000000000000101000100001
00000000000000000000000000000000000010011110110001011110111111100100001110010100111000111100100111101100110101111000000110010110
00111100010000101111011111101101111101100100101100111101011010001110111111110000110111100000100111111000000000000000101000100011
00000000000000000000000000010011110010000111110111111110000110111100010010011111111000100111010100110010111100110110010111001110
10101100101110011110010000111110111111110000110110011000100111101100010111101111111001000111000111000000000000000000101000100101
00000000000000000000000000000000000000000000000000000000000000000000000000001001111001010001110111111100100001101000100110111010
01100011000111100111100101000111011111110010000110000010100111100100010111101111110001000111000100010000000000000000101001000001
00000000000000000000000000000000000000000000000000000000000000000000000000001001111001000101111011111100010000110110010011011000
11000110010111001111011000101111011111111000011011001100010011110010100011101111111001000111000111000000000000000000101001000011
00000000000000000000000000000000000000000000000000000000000000000000000000000100111100101000111011111110010000110111000011011000
11000110001111001111001000101111011111100010000110000010100111100000010111101111110001000111000100010000000000000000101001000101
00000000000000000000000000000000000000000000000000000000000000000000000000010011110000001011110111111010111110110100010011011000
00000000000000000000000000000000000000000000000000000100010010110111111111110010101111100101101011011000000001000000000000000001
00000000000000000000000000000000010001001011011111111111001000000011011101010111111111100010110101110000000001000000000000000011
00000000000000000000000000000000000000000000100010010110111111111110101101011101101111110101110101110000000001000000000000000101
00000000000000000000001000100101111111101110111110001000000011101011000111111101111011111000110101100000000001000000000000100001
00000000000000000000010001001011111111011101111111000000000111010110001111111011110111100101110101100000000001000000000000100011
00000000000000000000000000000000000000000000110000100100101100000011101011000111111100100110110101100000000001000000000000100101
00000000000000000000000000000000000000000000000000000000000000110001001001100001011001001011110101110000000001000000000001000001
00000000000000000000000000000000000000000001100001001001011000000111010110001111111001001011110101110000000001000000000001000011
00000000000000000000000000000000000000000000000000000000000000110001001001100001011001001011110101110000000001000000000001000101
00000000000000000000000000000000000000000000000000000000000000000110100110110011100001101010000100100000000001000000001000000001
00000000000000000000000000000000000000000000000000000000000000000110100110110011100001001010000100100000000001000000001000000011
00000000000000000000000000000000000000000000000000000000000000000110100110110011100001001011000100100000000001000000001000000101
00000000000000000000000000000000000000000000000110100110110101111010000000110101010101010101011111100000000001000000001000100001
00000000000000000000000000000000000000000110100110110110101010011100000001101010101001111101011111100000000001000000001000100011
00000000000000000000000000000000000000000000000001101001101000111101000000011010100101010101011111110000000001000000001000100101
00000000000000000000000000000000000000000000000000000001101001101000111000000000110101000111101111100000000001000000001001000001
00000000000000000000000000000000000000000000000000000001101001101100111000000000110101000111101111100000000001000000001001000011
00000000000000000000000000000000000000000000000000000000110100110110011100000000011010110011100111110000000001000000001001000101
00000000000000000000000000000000000000000000000000000000000001100001011100001011101011011110111111111000000001000000010000000001
00000000000000000000000000000000000000000000000000110100110101101110110000000100001011001111011110000000000001000000010000000011
00000000000000000000000000000000000000000000000000000000000000000000011010011111001011101011001001011000000001000000010000000101
00000000000000000000000000000000000000000000000000001101001101100111000000000100001011001110011110000000000001000000010000100001
00000000000000000000000000000000000000000011010011011001110000000001000010100011100111000001101010111000000001000000010000100011
00000000000000000000000000000000000000000000000000000000000000000110100110110011100001101011000100100000000001000000010000100101
00000000000000000000000000000000000000000000000000000000000000000000011000010111000011010101100100110000000001000000010001000001
00000000000000000000000000000000000000000000000000000000000000000000011000010111000011010101100100110000000001000000010001000011
00000000000000000000000000000000000000000000000000000000000000000000000000000000000000000000100000001000000001000000010001000101
00000000000000000000000000000000000000000000000000000000000000000000000000011010011111001011100001110000000001000000011000000001
00000000000000000000000000000000000000000000000000000000000000000000000000001101001111100110100001110000000001000000011000000011
00000000000000000000000000000000000000000000000000000000000000000000000000011010011111001011100001110000000001000000011000000101
00000000000000000000000000000000000000000000000000000000000000000000000000011010011111001001000011101000000001000000011000100001
00000000000000000000000000000000000000000000000000000000000000000000000000011010011111001001000011101000000001000000011000100011
00000000000000000000000000000000000000000000000000000000000000000000000000001101001111100110100001100000000001000000011000100101
00000000000000000000000000000000000000000000000000000000000000000000000000001101001111100110100001110000000001000000011001000001
00000000000000000000000000000000000000000000000000000000000000000000000000001101001111100110100001110000000001000000011001000011
00000000000000000000000000000000000000000000000000000000000000000000000000000000000000000000100000001000000001000000011001000101
00000000000000000000000000000000000000000000000000000000000011110100101111010110000110011100110101100000000001000000100000000001
00000000000000000000000000000000000000000000000000000000000011110100101111010110000100011100110101100000000001000000100000000011
00000000000000000000000000000000000000000000000000000000000011110100101111010110000100011110110101100000000001000000100000000101
00000000000000000000000000000000000000000000000000000000111101001011110110110000110101110101101011010000000001000000100000100001
00000000000000000000000000000000000000000000000000000000111101001011101010110000110101110101101011010000000001000000100000100011
00000000000000000000000000000000000000000000000000000000111101001011110110110000110101111011101011010000000001000000100000100101
00000000000000000000000000000000000000000000000000000000001111010010111101101100001100111010110101100000000001000000100001000001
00000000000000000000000000000000000000000000000000000000001111010010111101101100001000111010110101100000000001000000100001000011
00000000000000000000000000000000000000000000000000000000000011110100101110010110000110011100110101110000000001000000100001000101
00000000000000000000000000000000010001011011111111001101011110000010110000101110010001011110011111110000000001000000101000000001
00000000000000000000010001011011111111001000101111001110110001110101010111111110011100011110101111100000000001000000101000000011
00000000000000000000000000000000001000101101111111100110101111000001011000011010011001011110011111100000000001000000101000000101
00000001000101101111111100100010111101011011000110010011111111110001011111111001100101111100101111101000000001000000101000100001
00001000101101111111100110010111110010101100011101100111111111100010111111110010011111111000101111010000000001000000101000100011
00000000000000000000000000000000000000011000010111001010110001110110011111110011000101011111111111101000000001000000101000100101
00000000000000000000000000000000000000000000000000000000000000000000000000000011101001111100110111100000000001000000101001000001
00000000000000000000000000000000000000000000000000000000001110100110110001100101100010101111111111100000000001000000101001000011
00000000000000000000000000000000000000000000000000000000000000000000000000000011101001111100100111100000000001000000101001000101
00000000000000000000011110000001011110111100101100001100010001101011110111111011111101010000110100000000000010000000000000000001
11101111110100010000111011110001010011011101000011101111110111111010000111000011001111100010110101110000000010000000000000000011
00000000000000000000000000000000000000000000000000000000000000000000000000000000000000000000000000000000000000111100000010111100
11110000001011110111110001000011001111010110011011101111111110111111011111101010000110110011110101110000000010000000000000000101
01111110011010011101111100010100111010100001110111111011111111000101100110101011110111100101110101100000000010000000000000100001
00000000000000000000000000000000000000000000000000000000000000000000000000000000000000000100000010100111110110111001111110111110
00010011010011101111111000100111010000001110111111011111101000011100110010011110111111010001101011101000000010000000000000100011
00000000000000000000000000000000000000000000000000000000000000000000000000000000000000000100000010100111110110111001110011010000
00010010010010011010001001011100111010100001110111111011111101010001001101010111101111001011101011101000000010000000000000100101
00000000000000000000000000000000000000000000000000000000000000000000000000000000000000000000000000000000000000000000111100000010
00000000111100000010010010001101100100110111010000111011111101111110100010110011001100100110110101100000000010000000000001000001
00010010010010011101001001011100110111000000111011111101111110101000100110101011100111100101101011101000000010000000000001000011
00000000000000000000000000000000000000000000000000000000000000000000000000000000000000000000000000000000000000000000111100000010
00000000111100000010010010001101100100110111010000111011111101111110000010110011010100100100110101100000000010000000000001000101
00000000000000000000000100000100110101010101010101110110101100100011101010010011100101010000100001110000000010000000001000000001
00000000000000000010000010011010101001111101011101101011001000110010000100111100010000001010000100100000000010000000001000000011
00000000000000000100000100110110110011111010111011010101101000111010101010110001010100001011000100100000000010000000001000000101
00001001101000111000000111011010110110110101111011011010110000111100010100111010101001111101011111100000000010000000001000100001
00000000000000000000000000000000000000000000000000000000000000000000000000000000000000000000000000000000000000000000010000010010
01011111111101110110101010101101101010100111101101010010101100111111010101100111110100011101011111100000000010000000001000100011
00000000000000000000000000000000000000000000000000000000000000000000000000000000000000000000000001000001001100000011111010111110
10011111110000011111101110110101101101000111101101101000010011100101101001110101010100011101011111100000000010000000001000100101
00000000000000000000000000000000000000000000000000000000000000000000000000000000000000000000000000000000000000000000010000010010
01000001001100111110011111010111011011010001110010110101100001111000101001110101010011111010111111101000000010000000001001000001
00000100110101010100011101011101010101100111001011010110000111001011010101101010101000111010111111101000000010000000001001000011
00000000000000000000000000000000000000000000000000000000000000000000000000000000000000000000000000000000000000000000010000010010
01000001001101001001111101011101101101011011110101011101001001111000101001110110110011111010111111101000000010000000001001000101
00000000000000000000001000001001101000111101111100001001101101000110111000000011100110110111100100110000000010000000010000000001
00100000100110110101111011110000011110111010110111011101000010100110111010110011111011001111011110000000000010000000010000000011
00000000000000000000001000001001101000111001111000011110110110110111000000011100111010101011000100110000000010000000010000000101
01101101011011111110000011110111011001110010100001010011011100101001111101000111101111000001101011011000000010000000010000100001
00000000000000000000000000000000000000000000000000000000000000000000000000000000000000000000000000000000000000000000010000010010
11010100110111111110011111101110110011100101000010101010111001010011111011010111101111000001101011011000000010000000010000100011
00000000000000000000000000000000000000000000000000000000000000000000000000000000000000000000000000000000000000000000010000010010
00001000001001101101001001010111101110110010001110101001101110101101010101000111101111100001101011011000000010000000010000100101
00000000000000000000000001000001001101000010011011001101101000111010100110111001010101010100001001101000000010000000010001000001
00000000000000100000100110100001001101100110110100011011101001101110010101010101000010011011101011011000000010000000010001000011
00000000000000000000000000000000000000000010000010011011000111011001010011011100111011011011000100100000000010000000010001000101
00000000000000000000000000000000000000000000000000000010000010010110111010110110110110110011100001110000000010000000011000000001
00000000000000000000000000000000000000000000000000000001000001001011011101011011100110110101100001110000000010000000011000000011
00000000000000000000000000000000000000000000000000000001000001001011011000110110110110110011100001110000000010000000011000000101
00000000000000000000000000000000000000000000000000000100000100101101011110110110001101100101000011101000000010000000011000100001
00000000000000000000000000000000000000000000000000000100000100101101011110110110001101000101000011010000000010000000011000100011
00000000000000000000000000000000000000000000000000000010000010010110110100110111001101101011000011101000000010000000011000100101
00000000000000000000000000000000000000000000000000000010000010010110111010110111001101100101000011101000000010000000011001000001
00000000000000000000000000000000000000000000000000000010000010010110111010110111001101100101000011101000000010000000011001000011
00000000000000000000000000000000000000000000000000000000000000000100000100110001000110110101100001100000000010000000011001000101
00000000000000000110001010011111010100110110111010011110100111011101110111001001110010011110110101100000000010000000100000000001
00000000000000001100010100111110101001101101101111011110100110011101110110001001111000011110110101100000000010000000100000000011
00000000000000000000000110001010010111101011011110111011100111011101110111010101100010011110110101100000000010000000100000000101
00011000101001111010111111001101101100000110111101100111011110111011100101011110000110111111010101111000000010000000100000100001
00101001111010111111001101101101011111011110110011101111011101100111110110011111011100011110101100011000000010000000100000100011
00000000000000000000000000000000000000000000000000000000000000000000000000000000000000000000000000000000000000000000110001010010
00000011000101001111100011100110110110000011011110110011101111011101111000011110000110111111010101111000000010000000100000100101
00000000000000001100010100101100000110111010011110110011101110111011100101011000100111000111101011010000000010000000100001000001
00000000000011000101001011000001101101111011110110011101110111011001111101110010101110001111010101111000000010000000100001000011
00000000000000000000011000101001011011110111101011110100111011101110111100001100010011011111101011010000000010000000100001000101
00000011001001111111110010011110110011001011110011101101001111001000011111011111111000011111000110011000000010000000101000000001
00000000000000000000000000000000000000000000000000000000000000000000000000000000000000000000000000000000000000000000111100000010
01111111111000011101010010001011110101101101001111010110100011101111110110111110111001001100010111110000000010000000101000000011
00000000000000000000000000000000000000000000000000000000000000000000000000000000000000000000000000000001111000000110011110111110
00011001100101111100100111010100110101111000001011010011110110001011110111111110000110110110010111100000000010000000101000000101
00000000000000000000000000000000000000000000000000000000000000000000000000000000000000000000000000000000000000000000111100000010
01110001110011100011110101101001001111010110100011101111110110111110110001010010011111111000101111010000000010000000101000100001
00000000000000000000000000000000000000000000000000000000000000000000000000000000000000000000001111000000110010011010001111001010
11100110010111110010101101100111100010000101111011111101101111101110010110011110111111111100011101111000000010000000101000100011
00000000000000000000000000000000000000000000000000000000000000000000000000000000001111000000110011010000101111001111101100000110
00000100010101001011011000111010010011110010000111110111111110000110111100010011001011110001011101111000000010000000101000100101
00000000000100010101001011011010101101001111001010001110111111100100001100010100110010111100111111010000000010000000101001000001
00000001000101010010110101111101001001111011000101111011111111000011011110001001000101111010111101111000000010000000101001000011
00000000000000000000000001000101010010110110101011010011110010001011110111111000100001101000101111010000000010000000101001000101
00000000000000000001000100111110010001100011101111001011100010110111110111111011111111000101100000000000000011000000000000000001
01110111111100000110001110111000101000011101110001011110111010100001110111111011111101000011100010011000000011000000000000000011
00000000000000000000000000000000000000000000000000000000000000000000000000000000000000000000000000000000000000000000000000100010
01011110111100100011000111011110101100001110111101011111011101010000111011111101111110101000100010011000000011000000000000000101
00000000000000000000000000000000000000000000000000000000000000000000000000000000000000000000000000000000000000000000000000100010
10010111110111010111101111100010011000111101111100011110110010100001110111111011111101000011100010101000000011000000000000100001
00000000000000000000000000000000000000000000000000000000000000000000000000000000000000000000000000000000000100010111101111001010
01111011101011110111001111110011000111101110011111111101100100000011101111110111111101101000100010010000000011000000000000100011
00000000000000000000000000000000000000000000000000000000000000000000000000000000000000000000000000000000010001011100111111010000
00010010010011110111010010011010011000111101111100011110110010000001110111111011111111000101100010101000000011000000000000100101
00000000000000000000000000000000000000000000000000000000000000000000000000000000000000000000000000000000000000000000000000100010
10001001001101111011000010011010011100111101111001111110111010100001110111111011111101000101100010011000000011000000000001000001
00000001000100100110111101100001001101001110001001101111011001000000111011111101111110101000100010101000000011000000000001000011
00000010001001001101111011000010011010011100010011011110110010100001110111111011111100000101100010101000000011000000000001000101
00000000000000000000000000000000000000010100001110110010100010001100100011010100100111001010010110000000000011000000001000000001
00000000000000000001011011011011010110110010111010001000110010110001110110010000100111100010010100000000000011000000001000000011
00000000000000000000000001010010110101000010111011001000110010110001110110010101010110001010010110000000000011000000001000000101
11111001111101011011001001010101010101010111010010101010101010101101100100101100001110010110010110011000000011000000001000100001
00000000000000000000000000000000000000000000000000000000000000000000000000000000000000000000000000000000000000000000000010011110
10001110101101100110110101010011111010111010010101010011111010110110010010100101011001111110010110101000000011000000001000100011
00000000000000000000000000000000000000000000000000000000000000000000000000000000000000000000000000000000000000001001111101000110
01010001110101101100100101101100111110101110110101101100111110101101100100100001001110010110010110011000000011000000001000100101
00000000000000000000000000000000000000000000000000000000000000000000000000000000000000000000000000000000000000000000000001010100
00000000000000101010011101001100110110110101111011010010110101111010110010010110000111100010010110011000000011000000001001000001
00000000000101101011011110110011011011010111010101001011010111010011001001011000011001111110010110101000000011000000001001000011
00000000000000000010100011101001100100101100111101101101010001110100110010010100100111100010010110011000000011000000001001000101
00000000000000000000001011001110001100111111101100111100111111110011101101110000000111001110010101111000000011000000010000000001
00000000000000010110011100011001000010110011110101000010110011110011001000010100110111010110010101111000000011000000010000000011
00000000000000000000000001011001111001100111111101100100011101011000111011101010011011100111001011010000000011000000010000000101
00010100011110111110000111000110111010001111011010000101000111101011001000010100110111001010010101111000000011000000010000100001
10000011100011011101000111101111000001111011101000111101111000001110001101110101010111001010010101111000000011000000010000100011
00000000000000000000000000000000000000000000000000000000000000000000000000000000000000000000000000000000001011010111010111000000
00000000000000010100001001101111000110111010001000110010100011100011001000010100110111010110010101111000000011000000010000100101
00000000000000000000000000000000101100011101100101100100011001011000111011001010011011100101001011010000000011000000010001000001
00000000000000000000000000000000101100011101100101100100011101011000111011001010101011100101001011010000000011000000010001000011
00000000000000000000000000000000000000001011010001100100011101011000111011101010011011100111001011010000000011000000010001000101
00000000000000000000000000000000000000000000000000000000000000000001000100011011101000110000000110101000000011000000011000000001
00000000000000000000000000000000000000000000000000000000000000000001000100011011101000110000000110101000000011000000011000000011
00000000000000000000000000000000000000000000000000000000000000000001000110011011101000110000000110011000000011000000011000000101
00000000000000000000000000000000000000000000000000000000000000001000101001101110110001101000000110010000000011000000011000100001
00000000000000000000000000000000000000000000000000000000000000001000101001101110110001101000000100010000000011000000011000100011
00000000000000000000000000000000000000000000000000000000000000000010001101011011001000100000000110101000000011000000011000100101
00000000000000000000000000000000000000000000000000000000000000000001000100011011001000100000000110010000000011000000011001000001
00000000000000000000000000000000000000000000000000000000000000000001000100011011001000100000000110010000000011000000011001000011
00000000000000000000000000000000000000000000000000000000000000000001000110011011101000110000000110101000000011000000011001000101
00000000000000000000000000010010010111000100001101011100011100011110111101110111011101110010100010010000000011000000100000000001
00000000000000000000000000100100101110001000010100111000111101011110111101100111011101100010100011000000000011000000100000000011
00000000000000000000000000010010010111000100001101011110011100011110111101100111011101110101100000010000000011000000100000000101
00000000000000001001001011100011010000011110110111101110100110111111110110101110111011100101100011000000000011000000100000100001
00000000001001001011100011010000100011011011110110111101101111111101011111110111011001111110000011111000000011000000100000100011
00000000000000000010010010110111101000001111011101001110100111010111101011111110111011110001000100101000000011000000100000100101
00000000000000000001001001011011110100001101011101001110001101111111101110111101110110011111100011000000000011000000100001000001
00000000000000000100100101101111010000101001110100111101011011111111011101111011101100111111000100101000000011000000100001000011
00000000000000000000000100100101110100100001101011110101110001110101111011101111011101111000100011000000000011000000100001000101
00110010001011110011010000100100110010111100110010100110100111100100001111101111111100001110010110011000000011000000101000000001
00000000000000000000000000000000000000000000000000000000000000000000000000000000000000000000000000000000000000000000000000100010
01101100111000111101010111001001000101111010101100110100111100010000101111011111101101111110010100010000000011000000101000000011
00000000000000000000000000000000000000000000000000000000000000000000000000000000000000000000001000110011001011111001001000011010
00001101100110010111100110111001001100101111001101100100100111100100001111101111111100001110010110010000000011000000101000000101
00000000000000000000000000000000000000000000000000000000000000000000000000000000000000000000000100011001000101111001101000011010
10100110010111110010011110110011001011111001001100110110011110101101000111011111101101111110010100010000000011000000101000100001
00000000000000000000000000000000000000000000000000000000000000000000000000000000000000000000010001100100111111110001001000010100
01001111111100010011101010011110100011100010011001010100111100010000101111011111100000101100101100101000000011000000101000100011
00000000000000000000000000000000000000000000000000000000000000000000000000000001000110011110111111111100001000001111100100111110
00100100000111101100010011101010011100011110010011001010100111100100001111101111111100001110010111000000000011000000101000100101
00000000000000000000000000000000000000000000000000000000000000000000000000000000000000000000000000000000100011001100101111100100
00000000000000000000000010001001100011010110110001100110110011110110001011110111111100100010010100010000000011000000101001000001
00000000000001000100110001010100001110111110011011001101100111101100010111101111111100001110010111000000000011000000101001000011
00000000000000000000000010001001100011010110110001100110110011110010001011110111111000100010010111000000000011000000101001000101
00000000000000000000000000000000001110000001111000101001011101110111011111101111110100010111010100000000000100000000000000000001
00000000000000000000000000000000001011101111111000111101110101000011101111110111111010100011010110011000000100000000000000000011
00000000000000000000000000000000101110111111001011110111010111111111011111101111110000010111010100000000000100000000000000000101
00000000000000000000000000000000001011110111100101111101100101000011101111110111111010100011010110011000000100000000000000100001
00000000000000000000000000000001011110111001111111110111011000000111011111101111111100010111010110101000000100000000000000100011
00000000000000000000000000000000000000001001001101111011001010000111011111101111110100010111010110011000000100000000000000100101
00000000000000000000000000000000000000000000010010011011110111010011000011101111110000010111010110011000000100000000000001000001
00000000000000000000000000000000000000001001001101111011001010000111011111101111110000010111010110101000000100000000000001000011
00000000000000000000000000000000000000000000100100110111101110100110000111011111101101111111010110011000000100000000000001000101
00000000000000000000000000000000000000000000000000000000000011010000110100001110110010101010010010101000000100000000001000000001
00000000000000000000000000000000000000000001101000011010010110110101101100101110100100110001011110000000000100000000001000000011
00000000000000000000000000000000000000000000000000000110100001101000011101110110100110111001011110000000000100000000001000000101
00000000000000000000000000000000000000000011010000110101010011111010110110010010000100111100011110011000000100000000001000100001
00000000000000000000000000000000000000001101000011010101010001110101101100100101100001110010111110011000000100000000001000100011
00000000000000000000000000000000000000000011010000110110110011111010110110010010100100111100011100000000000100000000001000100101
00000000000000000000000000000000000000000000000011010000110110101110100110010010000100110001011110011000000100000000001001000001
00000000000000000000000000000000000000000000000110100001101101011101001100100100001001110010111110011000000100000000001001000011
00000000000000000000000000000000000000000000000001101000011011001111010110011010101010110001011100000000000100000000001001000101
00000000000000000000000000000000000000000000000001101000011011001111001100100001000000011100111111010000000100000000010000000001
00000000000000000000000000000000000000000000000001101000011011001110001100100001010011011100111111010000000100000000010000000011
00000000000000000000000000000000000000000000000011010000110110011110011001111111000000011000001111010000000100000000010000000101
00000000000000000000000000000000000000011010000110100011110111110000111000110111010011011101011111010000000100000000010000100001
00000000000000000000000000000000000000011010000110100011110111100000111000110111010101011100101111010000000100000000010000100011
00000000000000000000000000000000000000000000000000000001101000011010000111011001010011011100111111010000000100000000010000100101
00000000000000000000000000000000000000000000000000000001101000011011000111011001000000011101011111101000000100000000010001000001
00000000000000000000000000000000000000000000000000000001101000011011000111011001010011011101011111010000000100000000010001000011
00000000000000000000000000000000000000000000000000000011010000110101100111011101000000011100111111101000000100000000010001000101
00000000000000000000000000000000000000000000000000000000000000000000000000110100001100011010000110011000000100000000011000000001
00000000000000000000000000000000000000000000000000000000000000000000000000110100001100010010000110101000000100000000011000000011
00000000000000000000000000000000000000000000000000000000000000000000000000110100001100011010000100000000000100000000011000000101
00000000000000000000000000000000000000000000000000000000000000000000000001101000011000110110000110010000000100000000011000100001
00000000000000000000000000000000000000000000000000000000000000000000000001101000011000110110000110010000000100000000011000100011
00000000000000000000000000000000000000000000000000000000000000000000000000110100001100010010000110101000000100000000011000100101
00000000000000000000000000000000000000000000000000000000000000000000000000110100001100010010000110101000000100000000011001000001
00000000000000000000000000000000000000000000000000000000000000000000000000110100001100010010000110101000000100000000011001000011
00000000000000000000000000000000000000000000000000000000000000000000000000110100001100011010000110011000000100000000011001000101
00000000000000000000000000000000000000000000000000011000000101110011110110011101110111010111010110101000000100000000100000000001
00000000000000000000000000000000000000000000000000110000001011100111101110111101110111001011010100010000000100000000100000000011
00000000000000000000000000000000000000000000000000110000001011100111101110111101110111010111010110010000000100000000100000000101
00000000000000000000000000000000000000000000000110000001011011111111010111111101110111100011010111000000000100000000100000100001
00000000000000000000000000000000000000000000011000000101101111111101011111110111011100101110101100101000000100000000100000100011
00000000000000000000000000000000000000000000000011000000101110101111010111111101110110001011010111000000000100000000100000100101
00000000000000000000000000000000000000000000000011000000101101111111101110111101110111100011010100010000000100000000100001000001
00000000000000000000000000000000000000000000000011000000101110101111011101111011101110010111010111000000000100000000100001000011
00000000000000000000000000000000000000000000000000110000001011110111110110011101110110001011010100010000000100000000100001000101
00000000000000000000000000000000000110010001011110101011001001001111001010001110111111100100011110011000000100000000101000000001
00000000000000000000000000000000110011001011111001001100100100111100100001111101111111100001111110010000000100000000101000000011
00000000000000000000000000000000000110010001011110011011001001001111001010001110111111100100011110101000000100000000101000000101
00000000000000000000000000000001100100111111110001001100101010011110110001011110111111100100011110010000000100000000101000100001
00000000000000000000000000001100111101000111110000110001111100111100100001111101111111100001111111000000000100000000101000100011
00000000000000000000000000000000000000000011100000010110010101001111001010001110111111100100011100010000000100000000101000100101
00000000000000000000000000000000000000000111000000101100110110011110010001011110111111000100011110010000000100000000101001000001
00000000000000000000000000000000000000000011100000010110011011001111001010001110111111100100011111000000000100000000101001000011
00000000000000000000000000000000000000001110000001011001101100111100000010111101111110101111111100010000000100000000101001000101
00000000000000000000000000000000000000000000000000000000000000000001101010000110101011010110010110011000000101000000000000000001
00000000000000000000000000000000001101010000111100010100001110111000101000011100110111111110010110101000000101000000000000000011
00000000000000000000000000000000000000000001101010000111110101100001110111101010011000111010010110011000000101000000000000000101
00000000000000000000010100001011110111110001001100011110111100101100001100011011111111111010110001011000000101000000000000100001
00000000000010100001011110111100101100110001111011111101000100001110101111111101101111111001010001011000000101000000000000100011
00000000000000000000000000000101000010111101110001010011000010011010000110001111111100100011110001011000000101000000000000100101
00000000000000000000000000000000000000000000000000000010100001001001101001110011110111101011000001100000000101000000000001000001
00000000000000000000000000000000000000000000000000000010100001001001101001110011110111101011000001100000000101000000000001000011
00000000000000000000000000000000000000000000000000000000000101000010010010111001110001001101000001100000000101000000000001000101
00000000000000000000000000000000000000000000001000001101100100011101011000111011101010111110001011011000000101000000001000000001
00000000000000000000000000000000000000000000001000001101000100011001010000111011001010111110001011011000000101000000001000000011
00000000000000000000000000000000000000000000001000001101100100011001011000111011001001111110001011011000000101000000001000000101
00000000000000000000000000001000001101010011101010100101010100111110101101100100101100111101001011011000000101000000001000100001
00000000000000000000010000011010101001111101011101001010101010001110101101100100101100111101001011011000000101000000001000100011
00000000000000000000001000001101101101010101011101101011011001111101011011001001010110111101001010111000000101000000001000100101
00000000000000000000000000000001000001101101011110110100101010011101001100110110101101110111001011011000000101000000001001000001
00000000000000000000000000100000110100011110110100101010100111110101101100110110101101110111001010111000000101000000001001000011
00000000000000000000000000000000000000000001000001101100111101101101010001110100100001001110001011011000000101000000001001000101
00000000000000000000000000000000000000000000000000000000000000000010100001010001110101011101011100110000000101000000010000000001
00000000000000000000000000000000000000000000100000110110011110101000010110011110100010000100101111111000000101000000010000000011
00000000000000000000000000000000000000000000000000000000000000010000011011001000111010110101011100110000000101000000010000000101
00000000000000000000100000110100011100101000010100011110111110000111000110111010110111011100101111111000000101000000010000100001
00000000000000000000100000110100011110110000001010001111011110000011100011011101011011101110010110000000000101000000010000100011
00000000000000000000000000000001000001101000100011001010001110011110000111000110111010111110001011011000000101000000010000100101
00000000000000000000000000000000000000000000000000000000000000000010100001010001110101101010111001101000000101000000010001000001
00000000000000000000000000000000000000000000000000000000000000010000011011001000111010100101011100100000000101000000010001000011
00000000000000000000000000000000000000000000000000000000000000000000000000101010100110110101011100110000000101000000010001000101
00000000000000000000000000000000000000000000000000000000000000000000000001000001011011100001011101110000000101000000011000000001
00000000000000000000000000000000000000000000000000000000000000000000100000101101110100011000000010111000000101000000011000000011
00000000000000000000000000000000000000000000000000000000000000000000000001000001011011100001011101110000000101000000011000000101
00000000000000000000000000000000000000000000000000000000000000000010000010110111011000110100000011011000000101000000011000100001
00000000000000000000000000000000000000000000000000000000000000000010000010110111011000110100000011011000000101000000011000100011
00000000000000000000000000000000000000000000000000000000000000000000100000101101100100010000000011011000000101000000011000100101
00000000000000000000000000000000000000000000000000000000000000000000000010000010110110000010111011101000000101000000011001000001
00000000000000000000000000000000000000000000000000000000000000000000000010000010110111000010111011101000000101000000011001000011
00000000000000000000000000000000000000000000000000000000000000000000000001000001011011100001011101110000000101000000011001000101
00000000000000000000000000000000000000000000000011011101001011110011100011110010000100011101110001011000000101000000100000000001
00000000000000000000000000000000000000000000000011011101001011110011100011110010000100011101110001011000000101000000100000000011
00000000000000000000000000000000000000000000000011011101001011110011100011110010000100011101110001011000000101000000100000000101
00000000000000000000000000000000000000000000110111010010111010011101001101111010000011110111101000110000000101000000100000100001
00000000000000000000000000000000000000000001101110100101101111011101001101111010000011110111101000110000000101000000100000100011
00000000000000000000000000000000000000000000011011101001011101001110100111010010000011110111101000110000000101000000100000100101
00000000000000000000000000000000000000000000011011101001011101001110001101111010000101001111010001011000000101000000100001000001
00000000000000000000000000000000000000000001101110100101110100111101011011110100001010011101110001011000000101000000100001000011
00000000000000000000000000000000000000000000011011101001011110101110001110100100001101011101110000111000000101000000100001000101
00000000000000000000000000000000000000101000011001100101110000010110001110100110011111000001001010111000000101000000101000000001
00000000010100001100100010111101010111101001110001111010101111001101111111100110101111000001001011011000000101000000101000000011
00000000000000000101000011001100101111001101110010011001011110011010000100100110011111100001001011011000000101000000101000000101
00000010100001100111000111101010111101100100111111110001001110100110111111110011010111110011100101110000000101000000101000100001
00101000011001001111111100010011101010011110111111111100001110100110111111110011001011110011100101110000000101000000101000100011
00000000000000000000000000000000000000000000000010100001011000100110110100111010010000111111100101110000000101000000101000100101
00000000000000000000000000000000000000000000000001101010000101110010011010111100000100011011001011011000000101000000101001000001
00000000000000000000000000000000000000000000000011010100001011110110011001011110011100010101001011011000000101000000101001000011
00000000000000000000000000000000000000000000000000000000000000001101010000101101100100011011001011011000000101000000101001000101
00000000000000000000000000000000000000000000000000000000000010010100111111001110011100111111101001101000000110000000000000000001
00000000000000000000000000000000000000000000000000000000010010100111110110111001110011010001101001101000000110000000000000000011
00000000000000000000000000000000000000000000000000000000000100101001111101101110011100111111101001101000000110000000000000000101
00000000000000000000000000000000000000000000000000000001001010011111100111101111011000010111010001111000000110000000000000100001
00000000000000000000000000000000000000000000000000001001010011111011011110111101110000101110100100011000000110000000000000100011
00000000000000000000000000000000000000000000000000000000000000000100101001111101100100110111010001111000000110000000000000100101
00000000000000000000000000000000000000000000000000000000000000000000000000101000010010011011101001010000000110000000000001000001
00000000000000000000000000000000000000000000000000000000000000000000101000010111101111000101101001010000000110000000000001000011
00000000000000000000000000000000000000000000000000000000000000000000000000010100001001001001101001101000000110000000000001000101
00000000000000000000000000000000000000000000000000000000000000001000001100111110011111011001000101100000000110000000001000000001
00000000000000000000000000000000000000000000000000000000000000010000011001111101000111011001000101100000000110000000001000000011
00000000000000000000000000000000000000000000000000000000100000110101011110001111110111011001000101100000000110000000001000000101
00000000000000000000000000000000000000000000000000100000110010111111110001000111110101100100010101111000000110000000001000100001
00000000000000000000000000000000000000000000000001000001100101111111110010001111011101100100010101111000000110000000001000100011
00000000000000000000000000000000000000000000000000001000001101000111110001000111101110110010001011010000000110000000001000100101
00000000000000000000000000000000000000000000000000001000001101000111110000011111110101100100010101111000000110000000001001000001
00000000000000000000000000000000000000000000000000100000110100011111010111111111011101100100010101111000000110000000001001000011
00000000000000000000000000000000000000000000000000000001000001101010111100011111101110110010001011010000000110000000001001000101
00000000000000000000000000000000000000000000000000000000000000001000001101101011101011100000110100110000000110000000010000000001
00000000000000000000000000000000000000000000000000000000000000001000001101101011101011110011110100110000000110000000010000000011
00000000000000000000000000000000000000000000000000000000000000001000001101101011110111110000110100110000000110000000010000000101
00000000000000000000000000000000000000000000000000000000000000100000110101001110001111110011110100110000000110000000010000100001
00000000000000000000000000000000000000000000000000000100000111101111111101101110001111110101110100110000000110000000010000100011
00000000000000000000000000000000000000000000000000000001000001111101011110110110111111100000110100110000000110000000010000100101
00000000000000000000000000000000000000000000000000000000000000000000001000001101101001001010110100110000000110000000010001000001
00000000000000000000000000000000000000000000000000000000000000000000001000001101101001001010110100110000000110000000010001000011
00000000000000000000000000000000000000000000000000000000000000000000000100000110100001001001101001011000000110000000010001000101
00000000000000000000000000000000000000000000000000000000000000000000000000000000010000011010111011010000000110000000011000000001
00000000000000000000000000000000000000000000000000000000000000000000000000000000010000011010111011010000000110000000011000000011
00000000000000000000000000000000000000000000000000000000000000000000000000000000010000011010111011101000000110000000011000000101
00000000000000000000000000000000000000000000000000000000000000000000000000000001000001101011101100011000000110000000011000100001
00000000000000000000000000000000000000000000000000000000000000000000000000000001000001101011101100011000000110000000011000100011
00000000000000000000000000000000000000000000000000000000000000000000000000000000100000110101110101111000000110000000011000100101
00000000000000000000000000000000000000000000000000000000000000000000000000000000010000011010111011010000000110000000011001000001
00000000000000000000000000000000000000000000000000000000000000000000000000000000010000011010111011010000000110000000011001000011
00000000000000000000000000000000000000000000000000000000000000000000000000000000010000011010111011101000000110000000011001000101
00000000000000000000000000000000000000000000000000000000000000001101110100111101111100111011010001111000000110000000100000000001
00000000000000000000000000000000000000000000000000000000000001101110100111101111100110111101000000011000000110000000100000000011
00000000000000000000000000000000000000000000000000000000000000011011101001111101010011011110100100011000000110000000100000000101
00000000000000000000000000000000000000000000000000000000000011011101001111100100010011101101000001000000000110000000100000100001
00000000000000000000000000000000000000000000000000000000000110111010011111001000100110111101001001000000000110000000100000100011
00000000000000000000000000000000000000000000000000000000011011101001111010111111001101111010001011111000000110000000100000100101
00000000000000000000000000000000000000000000000000000000000011011101001111000100010011011110100100011000000110000000100001000001
00000000000000000000000000000000000000000000000000000000000000000001101110100101101011111110100100011000000110000000100001000011
00000000000000000000000000000000000000000000000000000000000000000000001101110100101110001111010001111000000110000000100001000101
00000000000000000000000000000000000000000000000000000000000001010000110011110100011100010010001011010000000110000000101000000001
00000000000000000000000000000000000000000000000000000000010100001100101100001011111001010100010101111000000110000000101000000011
00000000000000000000000000000000000000000000000000000000000001010000110010011111111000100100010101111000000110000000101000000101
00000000000000000000000000000000000000000000000000000010100001100110100001011110011111010001010000011000000110000000101000100001
00000000000000000000000000000000000000000000000001010000110010111100001011111110111110100010101011111000000110000000101000100011
00000000000000000000000000000000000000000000000000000000000000000000000000110101000010100010101011111000000110000000101000100101
00000000000000000000000000000000000000000000000000000000000000000000000000001101010000101000101100011000000110000000101001000001
00000000000000000000000000000000000000000000000000000000000000000000000000011010100001010001010000011000000110000000101001000011
00000000000000000000000000000000000000000000000000000000000000000000000000001101010000101000101100011000000110000000101001000101
00000000000000000000000000000000000000000000000000000000000000000010001001011011010111100010111100110000000111000000000000000001
00000000000000000000000000000000000000000000000000000000000001000100101110010011110111100101111100100000000111000000000000000011
00000000000000000000000000000000000000000000000000000000000000100010010111001101111011100010111100100000000111000000000000000101
00000000000000000000000000000000000000000000000100010111011111100101001101101110011100111111111001101000000111000000000000100001
00000000000000000000000000000000000000000000000100010111011111000101001110011100111111010001111001010000000111000000000000100011
00000000000000000000000000000000000000000000000000000000000001000100100101110011011001001001111001101000000111000000000000100101
00000000000000000000000000000000000000000000000000000000000000000000000000000110000100100110111100100000000111000000000001000001
00000000000000000000000000000000000000000000000000000000000000000001000010011001101100100100111100100000000111000000000001000011
00000000000000000000000000000000000000000000000000000000000000000000000000000110000100100110111100100000000111000000000001000101
00000000000000000000000000000000000000000000000000000000000000101011010001101110110101111010011100110000000111000000001000000001
00000000000000000000000000000000000000000000000000000000001010110100011101011011010101010110011100110000000111000000001000000011
00000000000000000000000000000000000000000000000000000000001010110100011101010010101010101100111001011000000111000000001000000101
00000000000000000000000000000000000000000000000000001010001110010101110011111010001110101100111001101000000111000000001000100001
00000000000000000000000000000000000000000000000000101000111001010111010001110000001110101100111001101000000111000000001000100011
00000000000000000000000000000000000000000000000000000001011001110010101110101010100011101100011100100000000111000000001000100101
00000000000000000000000000000000000000000000000000000000000010110011110101011101010011101000111001101000000111000000001001000001
00000000000000000000000000000000000000000000000000000101011011110101011101010100111110101100111001101000000111000000001001000011
00000000000000000000000000000000000000000000000000000000000000100010111101010111010001110100011100100000000111000000001001000101
00000000000000000000000000000000000000000000000000000000000000000000000110100110110011100001110010000000000111000000010000000001
00000000000000000000000000000000000000000000000000000000000100010111011101000010100011100001110010000000000111000000010000000011
00000000000000000000000000000000000000000000000000000000000000000000001101001101000111000011100111111000000111000000010000000101
00000000000000000000000000000000000000000000000000101011011110101111111011010111010111100001111001011000000111000000010000100001
00000000000000000000000000000000000000000000000000010101101111010100001011010111010111000001111001011000000111000000010000100011
00000000000000000000000000000000000000000000000000000000000010101101000110111011010010011011111001011000000111000000010000100101
00000000000000000000000000000000000000000000000000000000000000000000100010100011011101100000000101100000000111000000010001000001
00000000000000000000000000000000000000000000000000000000000000000000100010100011011101000000000101100000000111000000010001000011
00000000000000000000000000000000000000000000000000000000000000000000000000001101001101100000000101110000000111000000010001000101
00000000000000000000000000000000000000000000000000000000000000000000000000000000011011011010010101100000000111000000011000000001
00000000000000000000000000000000000000000000000000000000000000000000000000000000011011011010010101100000000111000000011000000011
00000000000000000000000000000000000000000000000000000000000000000000000000000000001101001010010101100000000111000000011000000101
00000000000000000000000000000000000000000000000000000000000000000000000000000000011011100100101011010000000111000000011000100001
00000000000000000000000000000000000000000000000000000000000000000000000000000000011011100100101011010000000111000000011000100011
00000000000000000000000000000000000000000000000000000000000000000000000000000000110110110100101011101000000111000000011000100101
00000000000000000000000000000000000000000000000000000000000000000000000000000000110110110100101011101000000111000000011001000001
00000000000000000000000000000000000000000000000000000000000000000000000000000000110110110100101011101000000111000000011001000011
00000000000000000000000000000000000000000000000000000000000000000000000000000000001101001010010101110000000111000000011001000101
00000000000000000000000000000000000000000000000000000000000000010010010111011011101101111011111001101000000111000000100000000001
00000000000000000000000000000000000000000000000000000000000000001001001011101101111001111011111001010000000111000000100000000011
00000000000000000000000000000000000000000000000000000000000000000100100101110110111100111001111001010000000111000000100000000101
00000000000000000000000000000000000000000000000000000100100101110001110011110001110011011111100100011000000111000000100000100001
00000000000000000000000000000000000000000000000000010010010111000111001110000011100110111111000000011000000111000000100000100011
00000000000000000000000000000000000000000000000000000000000001001001011100011100011100011111100100011000000111000000100000100101
00000000000000000000000000000000000000000000000000000000000000100100101110001110110111000111111001101000000111000000100001000001
00000000000000000000000000000000000000000000000000000000000000010010010111100111100111000111111001010000000111000000100001000011
00000000000000000000000000000000000000000000000000000000000000001001001011110011101101110101111001101000000111000000100001000101
00000000000000000000000000000000000000000000010001100110101111000000111011100111000111101010011100100000000111000000101000000001
00000000000000000000000000000000000000000010001100110010111100110111011100100111111111001000111001101000000111000000101000000011
00000000000000000000000000000000000000000000100011001100111110000001110111001000101111010100111001101000000111000000101000000101
00000000000000000000000000000000000000000100011001100101111001101111010011110100011100010001110001111000000111000000101000100001
00000000000000000000000000000000000000100011001000101111010101110010011110111111111001010011100100011000000111000000101000100011
00000000000000000000000000000000000000000000000000000000010001001011100100110010111110010001110001111000000111000000101000100101
00000000000000000000000000000000000000000000000000000000000000000000000001000100101101101100111001101000000111000000101001000001
00000000000000000000000000000000000000000000000000000000000000000000000000100010010110111000111001010000000111000000101001000011
00000000000000000000000000000000000000000000000000000000000000000000000001000100101101101100111001010000000111000000101001000101
00000000000000000000000000000000000000000000000000000000000000000000000100010011000010100000111111111000001000000000000000000001
00000000000000000000000000000000000000000000000000001000100110101011001110001111111000111111111111111000001000000000000000000011
00000000000000000000000000000000000000000000000000000000000000000000000000000000010001001100000000000000001000000000000000000101
00000000000000000000000000000000000000000000010001001111101010000001101110001111111000111111111111111000001000000000000000100001
00000000000000000000000000000000000000000100010110111111100100000001101110001111111000111111111111111000001000000000000000100011
00000000000000000000000000000000000000000000000000001000100111110011000000110111000111111100101111111000001000000000000000100101
00000000000000000000000000000000000000000000000000000000000000000000000000010111000011000000101111111000001000000000000001000001
00000000000000000000000000000000000000000000000000000000000000000000000000010111000011000000101111111000001000000000000001000011
00000000000000000000000000000000000000000000000000000000000000000000000000000000000000000000100000001000001000000000000001000101
00000000000000000000000000000000000000000000000000000000000000000000000000000000000010001010101000111000001000000000001000000001
00000000000000000000000000000000000000000000000000000000000000000000000000000000000101011010101001011000001000000000001000000011
00000000000000000000000000000000000000000000000000000000000000000000000000000000000010001010101001011000001000000000001000000101
00000000000000000000000000000000000000000000000000000000000000000000000000000001011001111010000001011000001000000000001000100001
00000000000000000000000000000000000000000000000000000000000000000000000000000001011001111010000001011000001000000000001000100011
00000000000000000000000000000000000000000000000000000000000000000000000000000010101101111010000000111000001000000000001000100101
00000000000000000000000000000000000000000000000000000000000000000000000000000101011011101110000001011000001000000000001001000001
00000000000000000000000000000000000000000000000000000000000000000000000000000010101101111010000001011000001000000000001001000011
00000000000000000000000000000000000000000000000000000000000000000000000000000000000010001010101001011000001000000000001001000101
00000000000000000000000000000000000000000000000000000000000000000000000000000000000000000000100000001000001000000000010000000001
00000000000000000000000000000000000000000000000000000000000000000000000000000000000000000000100000001000001000000000010000000011
00000000000000000000000000000000000000000000000000000000000000000000000000000000000000000000100000001000001000000000010000000101
00000000000000000000000000000000000000000000000000000000000000000000000000000000000101011010101001011000001000000000010000100001
00000000000000000000000000000000000000000000000000000000000000000000000000010101101110111000000111111000001000000000010000100011
00000000000000000000000000000000000000000000000000000000000000000000000000000000000101011010101001011000001000000000010000100101
00000000000000000000000000000000000000000000000000000000000000000000000000000000000000000000100000001000001000000000010001000001
00000000000000000000000000000000000000000000000000000000000000000000000000000000000000000000100000001000001000000000010001000011
00000000000000000000000000000000000000000000000000000000000000000000000000000000000000000000100000001000001000000000010001000101
00000000000000000000000000000000000000000000000000000000000000000000000000000000000000000000100000001000001000000000011000000001
00000000000000000000000000000000000000000000000000000000000000000000000000000000000000000000100000001000001000000000011000000011
00000000000000000000000000000000000000000000000000000000000000000000000000000000000000000000100000001000001000000000011000000101
00000000000000000000000000000000000000000000000000000000000000000000000000000000000000000001000001011000001000000000011000100001
00000000000000000000000000000000000000000000000000000000000000000000000000000000000000000001000001011000001000000000011000100011
00000000000000000000000000000000000000000000000000000000000000000000000000000000000000000001000001011000001000000000011000100101
00000000000000000000000000000000000000000000000000000000000000000000000000000000000000000000100000001000001000000000011001000001
00000000000000000000000000000000000000000000000000000000000000000000000000000000000000000000100000001000001000000000011001000011
00000000000000000000000000000000000000000000000000000000000000000000000000000000000000000000100000001000001000000000011001000101
00000000000000000000000000000000000000000000000000000000000000000000000000010010010110111100001011011000001000000000100000000001
00000000000000000000000000000000000000000000000000000000000000000000000000010010010110111100001011011000001000000000100000000011
00000000000000000000000000000000000000000000000000000000000000000000000000000000100001001100001011011000001000000000100000000101
00000000000000000000000000000000000000000000000000000000000000000000000000000100100101111010000101110000001000000000100000100001
00000000000000000000000000000000000000000000000000000000000000000000000000000100100101111010000101110000001000000000100000100011
00000000000000000000000000000000000000000000000000000000000000000000000000000100100101111010000101110000001000000000100000100101
00000000000000000000000000000000000000000000000000000000000000000000000000001001001011110100001011011000001000000000100001000001
00000000000000000000000000000000000000000000000000000000000000000000000000001001001011110100001011011000001000000000100001000011
00000000000000000000000000000000000000000000000000000000000000000000000000010010010111011100001011011000001000000000100001000101
00000000000000000000000000000000000000000000000000000000000001000110011001100000001011000000100111111000001000000000101000000001
00000000000000000000000000000100011001101011110000010110001011110001111111000111111100111111110111111000001000000000101000000011
00000000000000000000000000000000000000000000000000000000000000000000100011001000001111000010000001011000001000000000101000000101
00000000000001000110011010111100000101100011011100111111110010111011111111000111111100111111110111111000001000000000101000100001
00000000000000100011001100101111001110110001110100111111110010111011111111000111111100111111110111111000001000000000101000100011
00000000000000000000000000010001100110011111000001011000111010011111111001011101111111111000101111111000001000000000101000100101
00000000000000000000000000000000000000000000000000000000000000000010001001101100011011101011100111111000001000000000101001000001
00000000000000000000000000000000000000000000000000000000000000000010001001101100011011101011100111111000001000000000101001000011
00000000000000000000000000000000000000000000000000000000000000000000000000000000001000100110000001011000001000000000101001000101
00000000000000000000000000000000000000000000000000000000000000000001011100001100010101111110001000100000001001000000000000000001
00000000000000000000000000000000000000000000000000101110000111100010111101110011100111001111110001101000001001000000000000000011
00000000000000000000000000000000000000000000000000001011100001111101011111011100111001111100010001101000001001000000000000000101
00000000000000000000000000000000001101110000101111011111000011001101111110011110111111101111110001010000001001000000000000100001
00000000000000000000000000000110111000010111001110011111011001101111101101111011110110000101100001111000001001000000000000100011
00000000000000000000000000000000000110111000010111001110001001100110111111001111011110011111100001111000001001000000000000100101
00000000000000000000000000000000000000000000000000011011100001011110111100111111011000010010010001101000001001000000000001000001
00000000000000000000000000000000000000000000000000000000110111000010010011011110110000100110110001010000001001000000000001000011
00000000000000000000000000000000000000000000000000000000011011100001001001101111011000010010010001101000001001000000000001000101
00000000000000000000000000000000000000000000000000101010100110100001110110010101010101010110100101100000001001000000001000000001
00000000000000000000000000000000000000000000000010101010011010000111011101101010100111110110100101100000001001000000001000000011
00000000000000000000000000000000000000000000000010101010011011000111011101101010100111110110100101110000001001000000001000000101
00000000000000000000000000000101010100110011111001111101011011001001000000111001011111101101001011010000001001000000001000100001
00000000000000000000010101010011001111101000111010110110010010000001111100010001111011101101001011010000001001000000001000100011
00000000000000000000000101010100110101010100011101011011001001010001111101011111111110101101001011010000001001000000001000100101
00000000000000000000000000000000000000101010100110101001110100110011011010001110100011101101001011010000001001000000001001000001
00000000000000000000000000000000000001010101001101010011011110110011011001111100000011101101001011010000001001000000001001000011
00000000000000000000000000000000000000000010101010011010001110100110010010101010100011101101001011010000001001000000001001000101
00000000000000000000000000000000000000000000000001010101001101100011101110101000111101111100001000110000001001000000010000000001
00000000000000000000000000000000000000000010101010011011001111001100100001011010111101111000001000110000001001000000010000000011
00000000000000000000000000000000000000000000000010101010011011000111011101011010111101111100001000110000001001000000010000000101
00000000000000000000000000000001010101001101000111101111100001110001101110101001101111111000001000110000001001000000010000100001
00000000000000000000000000000101010100110110101111011110000011100011011101010011100011111100111000110000001001000000010000100011
00000000000000000000000000000000000000000000000000001010101001101000011101110110101000100011111000110000001001000000010000100101
00000000000000000000000000000000000000000000000000000001010101001101100011101100101000010010101000110000001001000000010001000001
00000000000000000000000000000000000000000000000000000010101010011010000111011001011010010010101000110000001001000000010001000011
00000000000000000000000000000000000000000000000000000001010101001101100011101110101000010011011000110000001001000000010001000101
00000000000000000000000000000000000000000000000000000000000000000000000001010101001100011000000011101000001001000000011000000001
00000000000000000000000000000000000000000000000000000000000000000000000001010101001100011000000011010000001001000000011000000011
00000000000000000000000000000000000000000000000000000000000000000000000001010101001100011000000011101000001001000000011000000101
00000000000000000000000000000000000000000000000000000000000000000000001010101001100010100000001100011000001001000000011000100001
00000000000000000000000000000000000000000000000000000000000000000000001010101001100010100000001100011000001001000000011000100011
00000000000000000000000000000000000000000000000000000000000000000000000101010100110001101000000101111000001001000000011000100101
00000000000000000000000000000000000000000000000000000000000000000000000010101010011000110100000011010000001001000000011001000001
00000000000000000000000000000000000000000000000000000000000000000000000001010101001100010000000011010000001001000000011001000011
00000000000000000000000000000000000000000000000000000000000000000000000001010101001100011000000011101000001001000000011001000101
00000000000000000000000000000000000000000000000000001000001010010111000100001001111010100111010001010000001001000000100000000001
00000000000000000000000000000000000000000000000010000010100101110001000011011111010100110111000100011000001001000000100000000011
00000000000000000000000000000000000000000000000000100000101001011110010000110111110101001110100001111000001001000000100000000101
00000000000000000000000000000000000000001000001010010111000110100000111111101011111100111010000000011000001001000000100000100001
00000000000000000000000000000000000000010000010100101110001101000010001111100010001001101110000001000000001001000000100000100011
00000000000000000000000000000000000000000100000101001011011110100000111111100000111001110100001011111000001001000000100000100101
00000000000000000000000000000000000000000000000000010000010100101101111010000110101101011111100001111000001001000000100001000001
00000000000000000000000000000000000000000000000000100000101001011011110100001010011010111111000100011000001001000000100001000011
00000000000000000000000000000000000000000000000000000010000010100101110100100001101011100011100001111000001001000000100001000101
00000000000000000000000000000000000011011100001100110010111000000100001101001100101111101011001011101000001001000000101000000001
00000000000000000000000000000000001101110000110011100011110101010000100100111101000111000101001011010000001001000000101000000011
00000000000000000000000000000000000011011100001100110010111100110100001001001100101111100101001011010000001001000000101000000101
00000000000000000000000000001101110000110011001011111001001000010101001001101000111100101100101100011000001001000000101000100001
00000000000000000000110111000011001111010001111100001000001111100110100001011111110100010010101011111000001001000000101000100011
00000000000000000000000000000110111000011001110001111001001000001111100111101000111110001001010000011000001001000000101000100101
00000000000000000000000000000000000000000000000000000011011100001100110011111000001000110110010101111000001001000000101001000001
00000000000000000000000000000000000000000000000000000000000000000000000101110000110001010100101100011000001001000000101001000011
00000000000000000000000000000000000000000000000000000000000000000000000010111000011000110110010101111000001001000000101001000101
00000000000000000000000000000000000000000000000000000111000011111100111001110011111100001110111110101000001010000000000000000001
00000000000000000000000000000000000000000011100001111110011100111111011111100001101011100010110101110000001010000000000000000011
00000000000000000000000000000000000000000000000000000011100001111110011100111100101011011010110101110000001010000000000000000101
00000000000000000000000000000000011100001111110011110111101100001011001011110111101111001011101011101000001010000000000000100001
00000000000000000000000000000111000011111100111010111011100001011001100011011100111111010001101011101000001010000000000000100011
00000000000000000000000000000000001110000111111001110101111110111111001100011011100111110001101011101000001010000000000000100101
00000000000000000000000000000000000000000000000000000000000101010010010011011001101000100100110101100000001010000000000001000001
00000000000000000000000000000000000000000000000000010101001001001101100101111011100111100101101011101000001010000000000001000011
00000000000000000000000000000000000000000000000000000000000101010010010011011001101000100100110101100000001010000000000001000101
00000000000000000000000000000000000000000000000000000000000111100001100111110011111011010100100001100000001010000000001000000001
00000000000000000000000000000000000000000000000000000111100001100111110000001110110101001010000100100000001010000000001000000011
00000000000000000000000000000000000000000000000011110000110101011110001111111010110101001011000100100000001010000000001000000101
00000000000000000000000000000111100001100001000111000100011111010100100111110011111001111101011111100000001010000000001000100001
00000000000000000000000000011110000110000100011111000011111110101001001111100111110100011101011111100000001010000000001000100011
00000000000000000000000000000011110000110000001111110010001111101010010101010101010100011101011111100000001010000000001000100101
00000000000000000000000000000000011110000110000001111101011111111110101101001111101010011011111111101000001010000000001001000001
00000000000000000000000000011110000110000001111101011111111110101101001111101010101000111010111111101000001010000000001001000011
00000000000000000000000000000000111100001100111111100000111111101011010101010110110011111010111111101000001010000000001001000101
00000000000000000000000000000000000000000000000000001111000011011010111010111100001111101011000100110000001010000000010000000001
00000000000000000000000000000000000000000000001111000011010100111010111100111111101011001111011110000000001010000000010000000011
00000000000000000000000000000000000000000000000000001111000011011010111101111100001111101011000100110000001010000000010000000101
00000000000000000000000000000001111000011001111011000001111110011111110101000111010111100001101011011000001010000000010000100001
00000000000000000000000111100001111011111111100110000011111101011111101011010111010111000001101011011000001010000000010000100011
00000000000000000000000000000001111000011110111111111000100011111111101011010111101111100001101011011000001010000000010000100101
00000000000000000000000000000000000000000000000000000000111100001101101001000111111111010100001001101000001010000000010001000001
00000000000000000000000000000000000000000000000000000000111100001101101001000111111111010100001001101000001010000000010001000011
00000000000000000000000000000000000000000000000000000000001111000011011010010011011111101011000100100000001010000000010001000101
00000000000000000000000000000000000000000000000000000000000000000000000000111100001011011010100001110000001010000000011000000001
00000000000000000000000000000000000000000000000000000000000000000000000000111100001011011010100001110000001010000000011000000011
00000000000000000000000000000000000000000000000000000000000000000000000000111100001011011010100001110000001010000000011000000101
00000000000000000000000000000000000000000000000000000000000000000000001111000010110100000111000011010000001010000000011000100001
00000000000000000000000000000000000000000000000000000000000000000000001111000010110100000111000011010000001010000000011000100011
00000000000000000000000000000000000000000000000000000000000000000000000111100001011011000111000011101000001010000000011000100101
00000000000000000000000000000000000000000000000000000000000000000000000011110000101101011111000011101000001010000000011001000001
00000000000000000000000000000000000000000000000000000000000000000000000011110000101101011111000011101000001010000000011001000011
00000000000000000000000000000000000000000000000000000000000000000000000000111100001011011101100001100000001010000000011001000101
00000000000000000000000000000000000000000000000000011001010100111101111100111001101111011110110101100000001010000000100000000001
00000000000000000000000000000000000000000000000011001010100111101111100111001100000110111101101011101000001010000000100000000011
00000000000000000000000000000000000000000000000000110010101001111101010011100111000110111101101011101000001010000000100000000101
00000000000000000000000000000000000000000011001010100111110010001001110011000100001110001111010101111000001010000000100000100001
00000000000000000000000000000000000000000110010101001111100100010011100111001000011100011110101100011000001010000000100000100011
00000000000000000000000000000000000000000001100101010011110001000100111001100010000110111111010101111000001010000000100000100101
00000000000000000000000000000000000000000000110010101001111000100010011100111000110111000111101011010000001010000000100001000001
00000000000000000000000000000000000000000000000001100101010010110001000011000001101110001111010101111000001010000000100001000011
00000000000000000000000000000000000000000000000000001100101010010110000011011100011011011111101011010000001010000000100001000101
00000000000000000000000000000000000000000000000000000000010101001100100111111110001001110100010010101000001010000000101000000001
00000000000000000000000000000000000000001010100110010011010001111001010110111110010001011110101111100000001010000000101000000011
00000000000000000000000000000000000000000000000000000000001010100110010011111111000100110101111111100000001010000000101000000101
00000000000000000000000000000000010101001100110100001011110011111011000001110010011111111000101111010000001010000000101000100001
00000000000000000000000000101010011001111110000101111111011111011000100010011110111111111100011101111000001010000000101000100011
00000000000000000000000000000000000101010011001001101000111100101011000100010011001011111001011101111000001010000000101000100101
00000000000000000000000000000000000000000000000000000011100010101001011100011100110101111000001111010000001010000000101001000001
00000000000000000000000000000000000000000000000000001110001010100101100000111001100101111001111101111000001010000000101001000011
00000000000000000000000000000000000000000000000000000000000000000000111000101010010110100000111111010000001010000000101001000101
00000000000000000000000000000000000000000000000000000000000000000000000000000000000000000000100000001000001011000000000000000001
00000000000000000000000000000000000000000000000000000000000000000000000000000000010001001100000010000000001011000000000000000011
00000000000000000000000000000000000000000000000000000000000000000000000000000000000000000000100000001000001011000000000000000101
00000000000000000000000000000000000000000000000000000000000000000000000000000000010001001100000000000000001011000000000000100001
00000000000000000000000000000000000000000000000000000000000000000000000001000100111110011100001010111000001011000000000000100011
00000000000000000000000000000000000000000000000000000000000000000000000000000000010001001100000000000000001011000000000000100101
00000000000000000000000000000000000000000000000000000000000000000000000000000000000000000000100000001000001011000000000001000001
00000000000000000000000000000000000000000000000000000000000000000000000000000000010001001100000010000000001011000000000001000011
00000000000000000000000000000000000000000000000000000000000000000000000000000000000000000000100000001000001011000000000001000101
00000000000000000000000000000000000000000000000000000000000000000000000000000000000000000000100000001000001011000000001000000001
00000000000000000000000000000000000000000000000000000000000000000000000000000000000000000000100000001000001011000000001000000011
00000000000000000000000000000000000000000000000000000000000000000000000000000000000000000000100000001000001011000000001000000101
00000000000000000000000000000000000000000000000000000000000000000000000000000000000100111010101000111000001011000000001000100001
00000000000000000000000000000000000000000000000000000000000000000000000000000000000100111010101001011000001011000000001000100011
00000000000000000000000000000000000000000000000000000000000000000000000000000000000100111010101000111000001011000000001000100101
00000000000000000000000000000000000000000000000000000000000000000000000000000100111011011110000000111000001011000000001001000001
00000000000000000000000000000000000000000000000000000000000000000000000000000100111011101110000000111000001011000000001001000011
00000000000000000000000000000000000000000000000000000000000000000000000000000000000100111010101000111000001011000000001001000101
00000000000000000000000000000000000000000000000000000000000000000000000000000000000000000000100000001000001011000000010000000001
00000000000000000000000000000000000000000000000000000000000000000000000000000000000000000000100000001000001011000000010000000011
00000000000000000000000000000000000000000000000000000000000000000000000000000000000000000000100000001000001011000000010000000101
00000000000000000000000000000000000000000000000000000000000000000000000000000000000010001010101000111000001011000000010000100001
00000000000000000000000000000000000000000000000000000000000000000000000000001000101101111000000111111000001011000000010000100011
00000000000000000000000000000000000000000000000000000000000000000000000000000000000000000000100000001000001011000000010000100101
00000000000000000000000000000000000000000000000000000000000000000000000000000000000000000000100000001000001011000000010001000001
00000000000000000000000000000000000000000000000000000000000000000000000000000000000010001010101000111000001011000000010001000011
00000000000000000000000000000000000000000000000000000000000000000000000000000000000000000000100000001000001011000000010001000101
00000000000000000000000000000000000000000000000000000000000000000000000000000000000000000000100000001000001011000000011000000001
00000000000000000000000000000000000000000000000000000000000000000000000000000000000000000000100000001000001011000000011000000011
00000000000000000000000000000000000000000000000000000000000000000000000000000000000000000000100000001000001011000000011000000101
00000000000000000000000000000000000000000000000000000000000000000000000000000000000000000001000000111000001011000000011000100001
00000000000000000000000000000000000000000000000000000000000000000000000000000000000000000001000000111000001011000000011000100011
00000000000000000000000000000000000000000000000000000000000000000000000000000000000000000000100000001000001011000000011000100101
00000000000000000000000000000000000000000000000000000000000000000000000000000000000000000001000000111000001011000000011001000001
00000000000000000000000000000000000000000000000000000000000000000000000000000000000000000001000000111000001011000000011001000011
00000000000000000000000000000000000000000000000000000000000000000000000000000000000000000000100000001000001011000000011001000101
00000000000000000000000000000000000000000000000000000000000000000000000000000000000000000000100000001000001011000000100000000001
00000000000000000000000000000000000000000000000000000000000000000000000000000000000000000000100000001000001011000000100000000011
00000000000000000000000000000000000000000000000000000000000000000000000000000000000000000000100000001000001011000000100000000101
00000000000000000000000000000000000000000000000000000000000000000000000000010010010110111100001010111000001011000000100000100001
00000000000000000000000000000000000000000000000000000000000000000000000000010010010110111100001010111000001011000000100000100011
00000000000000000000000000000000000000000000000000000000000000000000000000010010010110111100001010111000001011000000100000100101
00000000000000000000000000000000000000000000000000000000000000000000000000010010010111011100001010111000001011000000100001000001
00000000000000000000000000000000000000000000000000000000000000000000000000010010010111011100001010111000001011000000100001000011
00000000000000000000000000000000000000000000000000000000000000000000000000010010010110111100001010111000001011000000100001000101
00000000000000000000000000000000000000000000000000000000000000000000000000000000000000000000100000001000001011000000101000000001
00000000000000000000000000000000000000000000000000000000000000000000000000000000000100010101010000000000001011000000101000000011
00000000000000000000000000000000000000000000000000000000000000000000000000000000000000000000100000001000001011000000101000000101
00000000000000000000000000000000000000000000000000000000000000000000100011001100111111000010000000111000001011000000101000100001
00000000000000000000000000000000000000000000000000000000000000000000100011001100111110000010000000111000001011000000101000100011
00000000000000000000000000000000000000000000000000000000000000000000100011001000001111000010000000111000001011000000101000100101
00000000000000000000000000000000000000000000000000000000000000000001000110011000011111111110000000111000001011000000101001000001
00000000000000000000000000000000000000000000000000000000000000000000100011001000001111000010000000111000001011000000101001000011
00000000000000000000000000000000000000000000000000000000000000000000000000000000001000100110000000111000001011000000101001000101
