110000100000000
100010000010000
110001000000000
110001100000000
100001000000010
100001000000010
100001000000010
100001000000010
110010100000000
100010000000011
110011000000000
110101100000000
100001100000100
100001100000100
100001100000001
100001100000001
100001100101010
100001100101010
100001100111001
100001100111001
100001000111111
100001000111111
100001000111111
100001000111111
100001000001100
100001000001100
100001000001100
100001000001100
100010000101011
100010000101100
100010000101110
100010000100010
100000100000101
100000100000101
100000100000101
100000100000101
100000100000101
100000100000101
100000100000101
100000100000101
100001100010010
100001100010010
100010000111101
100010000010110
100001000101000
100001000101000
100001000101000
100001000101000
100000100001010
100000100001010
100000100001010
100000100001010
100000100001010
100000100001010
100000100001010
100000100001010
100001100110001
100001100110001
110010000000000
100010000011010
100001000110000
100001000110000
100001000110000
100001000110000
100000100011110
100000100011110
100000100011110
100000100011110
100000100011110
100000100011110
100000100011110
100000100011110
100000100100101
100000100100101
100000100100101
100000100100101
100000100100101
100000100100101
100000100100101
100000100100101
100001100010111
100001100010111
100001100100000
100001100100000
100001000000111
100001000000111
100001000000111
100001000000111
100001000000110
100001000000110
100001000000110
100001000000110
100010000001111
100010000010100
100001100001001
100001100001001
110011100000000
100010000111000
100010000101001
110100000000000
100001000010001
100001000010001
100001000010001
100001000010001
110100100000000
110101000000000
100001100011000
100001100011000
100001000000000
100001000000000
100001000000000
100001000000000
100001000110101
100001000110101
100001000110101
100001000110101
100001000100001
100001000100001
100001000100001
100001000100001
100000100011011
100000100011011
100000100011011
100000100011011
100000100011011
100000100011011
100000100011011
100000100011011
100000100100011
100000100100011
100000100100011
100000100100011
100000100100011
100000100100011
100000100100011
100000100100011
100000100010101
100000100010101
100000100010101
100000100010101
100000100010101
100000100010101
100000100010101
100000100010101
100000100110010
100000100110010
100000100110010
100000100110010
100000100110010
100000100110010
100000100110010
100000100110010
100001000100110
100001000100110
100001000100110
100001000100110
100010000011001
100010000011100
100001100110110
100001100110110
100000100110111
100000100110111
100000100110111
100000100110111
100000100110111
100000100110111
100000100110111
100000100110111
100000100110011
100000100110011
100000100110011
100000100110011
100000100110011
100000100110011
100000100110011
100000100110011
100000100001000
100000100001000
100000100001000
100000100001000
100000100001000
100000100001000
100000100001000
100000100001000
100001100001110
100001100001110
110110000000000
100010000010011
100001000001011
100001000001011
100001000001011
100001000001011
100001000100111
100001000100111
100001000100111
100001000100111
100001000001101
100001000001101
100001000001101
100001000001101
100000100101111
100000100101111
100000100101111
100000100101111
100000100101111
100000100101111
100000100101111
100000100101111
