42 0000000
57 0000001
63 000001
12 000010
43 00001100
44 00001101
46 00001110
34 00001111
16 0001
5 00100
18 0010100
61 00101010
22 00101011
40 001011
10 00110
49 0011100
30 001110100
37 001110101
26 00111011
48 001111
2 01
23 1000000
32 1000001
7 100001
6 100010
15 10001100
20 10001101
9 1000111
3 1001
53 1010000000
33 1010000001
27 101000001
56 10100001
41 10100010
35 101000110
21 101000111
17 101001
50 101010000
38 1010100010
25 101010001100
28 101010001101
54 10101000111
55 101010010
51 101010011
24 1010101
0 101011
8 10110
14 1011100
39 1011101000
13 1011101001
47 101110101
19 10111011
11 101111
4 110
1 111
