00000000000000000201000101010202050305060404060405030506050506040503050605050604050305060505060406030506050506040603050605050604
00000000000000000201000102010202050305060404060405030506050506050503050605050604050305060505060406030506050506040603050605050604
00000000000000000201000101010202050305060404060405030506050506040503050605050604050305060505060406030506050506040603050605050604
00000000000000000201000102010202050305060404060405040506050506040503050605050604050305060505060406030506050506040603050605050604
00000000000000000201030202010001030607060504050703060806050406080306080605040608030608060504060803060807050406080306080705040607
00000000000000000201030202010001030607060504050703060806050406080306080605040608030608060504060803060807050406080306080705040608
00000000000000000201030202010001030607060504050703060806050406080306080605040608030608060504060803060806050406080306080605040608
00000000000000000201030202010001030607060504050703060806050406080306080605040608030608060504060803060806050406080306080605040608
00000000000000000200010101000102060404040604050606040404070405060604040307040506060404030704050606040403070305060604040307030506
00000000000000000200000101000102060403030604050606040303070405060604030307040506060403030704050606040303070305060604030307030506
00000000000000000200000101000102060403030604050606040303070405060604030307030506060403030704050606040303070405060604030307030506
00000000000000000200000101000102060403030604050606040303070405060604030307040506060403030704050606040303070405060604030307030506
00000000000000000001010002000002030507020703050703050702070305070305070207030507030507020703050703050803070305070305080307030507
00000000000000000001010002000003030507020703050703050702070305070305070207030507030507020703050703050803070305080305080307030508
00000000000000000001010002000003030507020703050703050702070305070305070207030507030507020703050703050803070305080305080307030508
00000000000000000001010002000003030507020703050703050702070305070305070207030507030507020703050703050803070305080305080307030508
00000000000000000201000102010202050305060404060405040507050506050503050605050604050305060505060406030506050506040603050605050604
00000000000000000201000102010202050305060404060405040507050506050503050605050604060305070505060406030507050506040603050605050604
00000000000000000201000102010202050305060404060406040507050506050603050605050604060305070505060406030507050506040603050605050604
00000000000000000201000102010202060305060404060406040507050506050603050705050605060305060505060406030507050506040603050605050604
00000000000000000201030202010001030607060504050703060806050506080306080605040608030608060504060803060807050406080306080705040608
00000000000000000201030202010001030607060504050703060806050506080306080605050608030608060504060803060807050506080306080705050608
00000000000000000201030202010001030607060504050703060806050506080306080605050608030608060505060803060807050506080306080705050608
00000000000000000202030202010002030607060504050703060806050506080306080605050608030608060505060803060807050506080306080705050608
00000000000000000200000101000102060403030604050606040303070405060604030307040506060403030704050606040303070405060604030307040506
00000000000000000200000101000102060403030604050606040303070405060604030307040506060403030704050606040303070405060604030307040506
00000000000000000200000101000102060403030604050606040303070405060604030307040506060403030704050606040303070405060604030307040506
00000000000000000201000101000102060403030704050606040303070405060604030307040506060403030704050606040303070405060604030307040506
00000000000000000001010002000003030507020703050703050703070305070305070207030507030507020703050703050803070305080305080307030508
00000000000000000001010002000003030507020703050703050703070305070305070207030507030507020703050703050803070305080305080307030508
00000000000000000001010002000003030507020703050703050703070305070305070207030507030507020703050703050803070305080305080307030508
00000000000000000101010002010003030507020703050703050803070305080305080307030508030507030703050803050803070405080305080307040508
