00000100110111111111000001100110110010010010010001000010101101101010011100110101101010011011100110011000000000000000000000000001
00000000000000000000001100011010100100000011100101110110001000101100111011111011101010001111111001010111001111001111111011000000
11111011011110000111011111011010111010001101011010101101111111101011101100010011101110111011111111111000000000000000000000000011
00011010000001000101100010101100101100101011101010101110010111010000110111010101010100000101001111001110110000010101101111110110
00111111010100100011001100000101101101110101111010010101100110001110111111111101010101010000011111100000000000000000000000000101
00000000000010100000000000100011110101010001000101100101101111110111110000101011101100111011011000111101110000101000111110111000
01111111011111110110101010110011010001011111010111010001010001001110100101111001000110111101100000001000000000000000000000000111
00000000000000011010000011110011001110110110011101010101110001100001101110001010111011011000011110010100010000111010000011110110
00110101111101001110001101000100000011111101011001000111001111010111101100101101010110100101111110001000000000000000000000001001
00000000000000000000000000111001110110011010111101100010101110100100111001110001011111001010010001100111100101010101100011100100
11000010010010011101010010010111001101010000110100010000001111000110101000001010000100010010111001101000000000000000000000100001
00000000001110000111011101111110001000001110010100111100100111001110000101110000001010110101011011100001110111110000000110101100
01110111100001011100101111111111101110110100001001011110110100110111110001001101000100000011111100111000000000000000000000100011
00000000000000000000011101110001011011110001101110110000101000111011111100101101000110011010110111010111000001101101001001101110
00010000010001100101101110111101110001101111011011111001100110010100110000001010001110101110111111111000000000000000000000100101
00000000011110100111101111100001011100101101000001101111000000011000011101100110110101011011101101110000010110011000110101100000
00100001011001110111001100011101100101001000110000000000111100011100000010000000101100001011111111101000000000000000000000100111
00011111011111100111001011111001100000100010011010011111101010010010111101011011001010110100011010101010011000000000101010110010
00011110101001111010100011101000011010100000001101110100101010010001001010110001001011010011111101101000000000000000000000101001
00000001000011111111101100010101010010101100001011011111110101001111111000111010111000101110011101101011110000100010111110111000
11000100001110111101110111111001100000001011101001000010111010000010101110010111101100010011111100111000000000000000000001000001
00000000000000000000000000000000000111111100100011010001001101000110100000101110100111011111111100101010010100101101100100000110
10110101000011110111110001011101011101101110010011011110000000011001011110110011011010101111100101101000000000000000000001000011
00000000000000000100000111101101010111100111101011011001000110111101111010111101110010011100011000010010001001100010011010110110
11110000100110011001110111001110111000000101100011010001111000011111100100010111111110111011111101101000000000000000000001000101
00000000000000000000000000000001100001100110011110100000111110011011011111111111000110110101111000010111110101001011111011111110
11001110111000101111000011010010000010011010000000100111101100110011111011111010110000100101001101100000000000000000000001000111
00000000000000001110011100001101110111101110110110101000100111010111011111110110011101101100111110100010101000110011001111001110
00010000111010001010101011111101111101001100111111011011001011001110111111001111101010001111011111101000000000000000000001001001
00000000000001000010011000010111111011100100111001111011111010110101011101011001100011001111011100011011010011100101101011111100
11110010001010001010010101010110101111010100101111110011000111111001101010010110010111101011111111101000000000000000000001100001
00000000000000000000000000000000000000000000000000000000000000000011101011010100100111011011011111111110010100111111100000111100
00111101010010011000101010000011100110011100010110010111111101101111000001010110101010010001001100010000000000000000000001100011
00000000000000000000000000000000000000000000000100001110101101011001111000111110111001111111101001011110101100110001110111101100
10010110110110100100001011011100111101100000011010010111001111011111001101110010011100101011111101011000000000000000000001100101
00000000000000000000000001101011011001101001110110000010000001100000011111110000111011111011111111111010110101001000111011000110
00110001010011101011110001010100100100111010010111101111011110111001011111000110111000011101111111100000000000000000000001100111
00000000000000000000000000000000000000001001011010100001100101101110110101011010010011111101010111001001111111110111110111010100
01110001011110101001001010011000011000110110100010111001001011011100001000001011110010001011110110111000000000000000000001101001
00000100001101110111100011010100100011010110110011010011010111111010111100100110111010010111100101101011110000110001011100101010
11001110011110101000011001110100001101111011101001100110011111100101001000110111001001011110000000100000000000000000000010000001
00000000000000000000000000000010100001110001000101111010010001101111101010110001111010000000000001110100101111011011010111001110
00110000100011000010100110100101011110000110100110001000100010111100001101010111011010001011111111111000000000000000000010000011
00000110111010110111110101111011000110100101000011000111011111000010100101101101101111010100100100111110011010100101111101001100
00010111111000101010000000010011010000001100010111001001111110111001011101110110110011100011111110101000000000000000000010000101
00001010001110111101000010110000001101110010001010010110111011100011110101110011011100111001001101110110001011011010000101000010
00000000000000000000000000000000000000000000000000000000000000000000000000000000000000000000000000000000000000000000000000010000
01001110101001000101011100001110101100111110110101010100111100010000100111010111010110111000100110010000000000000000000010000111
00001101000011100001011010101000101000100111000010000011111101111101001011100001001111101111000111110011010011001011010011001100
11011100010101010111100111011101011111100111010001101110111010100000011010000000110101111101010011101000000000000000000010001001
00000000000000000000000000000000000000000000000000000001000011011011101011110101100101111101000111111110011101100101111111101110
01000000111100010001011001110100010010101110111011011001101110101101110111010010100011101111010010101000000001000000000000000001
00000000000000001010000111111111101110000011110111000011110011101001101011001101101101001101010101001110010110000000000100101010
00010110001001001100010110010110101001100010110100011101110010101111010010101100000111011111001011101000000001000000000000000011
00111100001100101100100000011100101000101101101100111001011011010110110100101011101110010000000010000100011110011101011010111000
00000000000000000000000000000000000000000000000000000000000000000000000000000000000000000000000000000000000000000000000000010000
01110111000000100001010110110100100111100111001110100110001000111101110001101011100101011110100010110000000001000000000000000101
00000000000000000000000001010000111000101100000010001011111101001100000110110000100110000110010111011001110110100111111001101110
01110110101000000101101011001110111011000110000100110101001110110111110110101101110011001101111110000000000001000000000000000111
00111010000000101110001110111000011101011011101000011000101001100100110110000110011111001000110010111010100101011000000110111010
00000000000000000000000000000000000000000000000000000000000000000000000000000000000000000000000000011101000010101100110101111000
01000110001000010111010100001101001001001001011001010101111100010000001100101000100110101011111111101000000001000000000000001001
00000000000000000111101101100111101110011101000111011000101011111101011110110100000011011000100110000000000000110111111110001000
10110100110100100011100111111011000110011000010101000111110001010101010010010111111001111011111101101000000001000000000000100001
10101000001101101011010111011111111000111001000111110111111100110011110101010100101100101111010101100111111111100100101011011010
00000000000000000000000000000000000000000000000000000000000000000000000000000000000000000000000000000000000000000001100101010010
01100110110101100101010110111110100001000111010001111101010011010010001011000110100101010101111111110000000001000000000000100011
00101101011111000100101011111000101100011100001011101011100101101101001000000101001101011010111000001101011010111001001111001100
00000000000000000000000000000000000000000000000000000000000000000000000000000000000000000000000000000000000000000000000000100100
00110001110101000001011001010111101000011110100100011110110110110111010110010100110000000011111100111000000001000000000000100101
00001001101101000110110111000001110101110001111010011101100111011101111011001101110110111001010110000111100101000101101000100110
00000000000000000000000000000000000000000000000000000000000000000000000000000000000000000000000000000000000000000000000000010000
00011010000101100010111110000000011110011011011010101110001010110000101001100110011101011101111110100000000001000000000000100111
00000000011000101101000000010100000110110001000000101111000101010110111111110110010110011111001111000000110011011010000010000000
11110000001000101000100111101101001101110010111101111111111100111111111101101101111101000010110111001000000001000000000000101001
00000000000000000000000000000000000000001001001100011000100110101010010110110010111111100011001011010011100010101011111111111000
11111001100100110010101011101101111101010001101110100011110111100110100110100000001011001100111110111000000001000000000001000001
00000000000000000000000000000000000000001010000110011111111111011110100011011110100101001100110101001001010110111100011011111100
11111111100000000110111100000111011001011011111011010110000110111101100011111111111100111001000111001000000001000000000001000011
00000000000000000000000000000000000001000000101011001010111101011011010111101101000000110110100011000010111001110100100110001010
10101111000010100110111011111000110111010011011111000111011101100110001011010001101111011100101100010000000001000000000001000101
01101110110000001010110011001101011011101101010111011001001010111100111101000101011101110000001001011111111111111000110100111010
00000000000000000000000000000000000000000000000000000000000000000000000000000000000000000000000000000000000000000000000000111010
00111100000110100001101010111000010110010011101101011110110111110111110000110101100001001101001000011000000001000000000001000111
00000000000000000000000000000000000000001111101001100110010101110011110101011111110000101101010110010011011111011011111101110100
10111111010111100100111100010010010001100100110101110101111100001101110001000111110110110101111111100000000001000000000001001001
00000000000101101010011111011011101101000111111011100101011111001111101011111000111110001100010011110100000011111110010010111110
10111000011001100111011100110011011101011110111011000101011010011101010000011111000010110111001110101000000001000000000001100001
00000000000111010000000101111001101010011000111110100100100001010110001101110111000110111001110100100000100110111010010010101110
00010110010101111110110100100100101010011010101111001110101010111101110111010011011111111110010101111000000001000000000001100011
00000000000000000000000000000000001101000010111100010000010111110100111111101100100101111110010001100001110111001101011100000010
10111101100111100001100010101010100111101110011101101110110010100001011000111010100111010001111110110000000001000000000001100101
00001110000011111001011101001000110100011010111011100000101011110101000101011100011110110101011101100000111100010011110010110110
00111011000100111001011001101001010110101010111010001100011011111111101111010011010010111110010101101000000001000000000001100111
00000000000000000000000000000000000000001110110100000110000110001010010100011001101100000100001000111101011111001110001111101100
11111011101010110101110011101011100110000010111001101110111000011011100010010000101001101110100011111000000001000000000001101001
10111001011110110011010100100010111111001101010101001000110111001101010011000111011101100111010101001110101011101011100101111110
00000000000000000000000000000000000000000000000000000000000000000000000000000000000000000000000000000000000000000110011101110010
10111111001100101000100011100001111001010011110111111110111111111101001001010001001101100101111111100000000001000000000010000001
00000000000000000000000110100001110110011111101001110110011011110001000110001010110001000111101101010000001001111011101000110010
01001101111011001011011011101000110101111010001001101011100000010110000100100001110101001010101011011000000001000000000010000011
00000000000001010010001001110101010101110011000111011011011001010110010111111110011101010111101011110000100010101101111111000110
00010110011011111000011011001100111101010100010011000110111010101110111101100111011100111101011001001000000001000000000010000101
00000000001100110110011110010000110110000111010110110110100011101101010101011101101010110110010011010011110100010011010111100010
01100110010001111001001001010010001001011011011001010010110110011101001000100001100101010110100110111000000001000000000010000111
00000000000000000001001010001101110011110000100011000101011111101111000111110010100111110101011011010111101110011010001011110100
01000111111000000101101001111011010011011011100011001000001100010101100010100101100010111101111111110000000001000000000010001001
10111100110001010111110001101100001110001101110101010110110110001011101001101110100001101100000101101111001100011011110111001000
00000000000000000000000000000000000000000000000000000000000000000000000000000000000000000000000000000000000101101010101101010110
