100000100000001
100000100000001
100000100000001
100000100000001
100000100000001
100000100000001
100000100000001
100000100000001
100001000000010
100001000000010
100001000000010
100001000000010
100001100000011
100001100000011
100010000000100
110000100000000
100000100000101
100000100000101
100000100000101
100000100000101
100000100000101
100000100000101
100000100000101
100000100000101
100001000000110
100001000000110
100001000000110
100001000000110
100001100000000
100001100000000
110001000000000
100010000000111
100001000001001
100001000001001
100001000001001
100001000001001
100001100010000
100001100010000
100001100001010
100001100001010
100001000001011
100001000001011
100001000001011
100001000001011
100001000001000
100001000001000
100001000001000
100001000001000
