w channel: [0, 0]
   0	  10	   0	   0	   2	
   0	  12	   0	  -4	  -8	
  12	   0	  -8	   0	   0	
  -4	   0	   9	  15	   0	
   0	  10	  -6	   0	   0	
w channel: [0, 1]
   0	   0	   0	   2	   0	
  -8	  -2	   0	   2	   0	
   6	   0	   0	  15	   0	
   0	   6	   0	  12	   0	
   7	   0	   0	   0	  -4	
w channel: [0, 2]
  11	   0	   0	  14	   0	
  -7	   0	   0	   9	  -1	
   0	  -8	   0	  11	   0	
  -4	  11	   0	   3	  -7	
  -2	   2	  15	   0	  -1	
w channel: [0, 3]
   3	  -7	   0	   0	   4	
   6	   2	   0	  -2	   4	
   0	   0	   0	   4	   0	
   5	   7	   0	   0	   0	
   0	   0	   0	   6	  10	
w channel: [0, 4]
  11	   0	   0	   0	   0	
   2	  11	   0	   2	   0	
  -3	   0	   0	  15	  -4	
   0	  -6	   8	   0	  13	
  13	  -3	   0	   6	  -8	
w channel: [0, 5]
   0	  12	  15	  13	  -6	
   8	   0	  10	   0	  -5	
   0	   3	   0	   0	  13	
   4	   0	   0	   0	   7	
   0	   0	  -5	   0	  -2	
w channel: [0, 6]
  -8	  15	   0	   7	   5	
   0	   0	  -7	  15	   4	
   5	   0	   0	   0	  -1	
   0	   9	   0	   0	   0	
   0	  -6	   0	  -7	  -8	
w channel: [0, 7]
   0	  -7	  -2	   0	   0	
   7	   0	  12	   0	   0	
   8	  -6	   0	  -4	  10	
   0	   0	   0	   0	  13	
   0	   0	   0	  -4	   0	
w channel: [1, 0]
   0	   0	  -6	  13	  13	
   0	  15	   8	   0	   6	
   0	   0	   0	  10	   0	
   0	   0	   6	   1	   0	
   6	   0	  -7	  -4	  -2	
w channel: [1, 1]
  11	   0	   0	   0	  13	
   0	  11	  14	  15	   0	
   0	  11	   0	  -5	   0	
   0	   0	   0	   0	  -2	
   0	  14	   0	   6	  -4	
w channel: [1, 2]
  -1	   0	   0	   0	  12	
   0	   0	  -1	  -2	   8	
   0	   0	   0	   0	   0	
   0	   0	   0	   5	   0	
   1	   0	   5	   6	   0	
w channel: [1, 3]
  -3	  10	   0	  -1	   5	
   0	   0	  -5	   0	   0	
   7	  13	  -7	   0	   3	
  11	  -2	   0	   0	  14	
  -1	   2	   0	  13	  -7	
w channel: [1, 4]
   8	   0	   0	   6	   0	
   1	  -3	   0	   0	  -7	
   2	  -5	   7	  -3	   0	
  15	   0	   0	   0	   9	
   0	   7	  10	  -6	   0	
w channel: [1, 5]
   6	   9	   0	   8	   0	
  -2	   4	   0	  -2	  -2	
   0	  -2	   0	   6	   0	
   0	   0	  11	   0	   0	
   0	  -5	   0	   0	   0	
w channel: [1, 6]
   4	   0	   0	  -4	   0	
   0	   0	   0	   7	  -1	
   0	   0	  10	   0	  12	
   0	   0	  13	   0	   5	
   0	  -8	   0	   0	   0	
w channel: [1, 7]
   4	   0	   0	   0	  -4	
   2	   0	   0	   0	   1	
   0	   3	   0	  -2	   5	
   0	   0	  -7	  13	   0	
   3	   0	   0	   0	   7	
w channel: [2, 0]
  -3	   9	  -4	   0	  -2	
   1	   7	  11	   0	  -4	
   4	  11	   0	  11	   0	
   3	   0	   0	   0	   2	
  -5	   0	   6	   0	   0	
w channel: [2, 1]
  -5	   0	   0	  -4	   0	
   0	   0	   0	   8	   0	
   2	   3	  14	   0	   0	
   0	  -3	  -1	  13	  -3	
  11	  15	   0	   0	   0	
w channel: [2, 2]
   0	   0	   0	   0	   2	
  -6	   0	   0	  12	   7	
  14	   0	   0	  -2	   0	
   4	   5	  -2	   0	  15	
   0	   0	   0	  -8	   0	
w channel: [2, 3]
   0	   0	   2	   2	   0	
   3	   0	  -3	   0	  13	
   0	  -3	   0	   0	   0	
   0	   0	   0	   0	  14	
   0	   8	   2	   0	   3	
w channel: [2, 4]
   0	   7	   0	   0	   0	
   4	   0	   0	   0	   0	
   0	  -4	   7	  -1	  -3	
  13	   0	   0	  -1	  -1	
   0	  11	  -2	  -5	  -4	
w channel: [2, 5]
   0	   0	  -5	  11	   0	
   0	   0	   0	  11	   0	
   0	   0	  15	   0	  -5	
   0	   0	  -3	   0	   0	
  -7	   2	  -8	  12	   0	
w channel: [2, 6]
   0	   0	   0	  -6	   1	
   0	   0	   0	   0	   0	
   3	   0	   2	   0	   0	
   9	   2	   3	   6	   6	
   1	   0	   2	   3	   0	
w channel: [2, 7]
   0	   0	   0	   0	   0	
  -6	  -7	   1	   0	  -6	
   0	   0	   0	  14	   0	
   0	  -5	   9	  -1	   0	
  -4	   1	   0	   8	   0	
w channel: [3, 0]
   0	   0	   0	   0	   0	
   0	   9	   0	  12	   0	
   0	   0	  15	   0	  -4	
   8	  12	   7	   0	  -4	
  -5	  14	  -2	   0	   0	
w channel: [3, 1]
  14	   0	   0	   0	   0	
   6	  -7	   0	   2	  15	
   0	   0	   0	   0	   0	
   0	   0	   0	   0	   0	
   0	  -5	   8	   4	  12	
w channel: [3, 2]
   7	  -8	   4	   0	   0	
   6	   0	   0	   5	  10	
  -7	   2	   0	   0	  10	
   2	   7	   0	   0	   0	
   7	   0	   0	   0	  -6	
w channel: [3, 3]
  -2	  12	  -4	   0	  -1	
   0	   0	  13	  -6	   0	
  12	  13	   0	   2	  -6	
   0	   0	  -8	   0	   0	
  13	   0	  10	  12	   0	
w channel: [3, 4]
   0	   0	  -3	  -3	  -8	
  -5	  14	   9	  -2	   2	
   6	   0	  12	   0	   0	
   2	   0	   9	   2	   2	
   0	  -4	   2	  -5	   0	
w channel: [3, 5]
   0	   3	   2	   0	   0	
   1	   0	   0	  14	   0	
   1	   7	   0	   0	   2	
   0	   2	   0	  -4	  -6	
   0	   0	   8	  11	   0	
w channel: [3, 6]
   0	   0	  -5	   0	   0	
   0	  -7	   1	  -1	   0	
   0	  -3	   0	   0	  12	
   3	   0	   0	  -1	   3	
   0	   4	   0	   9	   2	
w channel: [3, 7]
   0	   0	   0	  10	   0	
   0	   0	   0	   0	  14	
   0	  -8	  12	   0	   6	
   0	   6	   1	  15	   0	
  12	   0	  -1	  11	   0	
w channel: [4, 0]
   0	   0	   1	   0	   6	
   0	   6	  -2	  -6	   0	
   6	   0	  -5	  12	   0	
   0	   0	  12	  -1	   0	
   0	   0	   9	   0	   0	
w channel: [4, 1]
  -3	   0	  -1	   0	  15	
  14	  -3	   0	   0	   0	
   9	   0	   2	  -5	   0	
   0	  -4	   0	   0	   2	
   0	   0	   0	   0	   0	
w channel: [4, 2]
   0	  -3	   0	  -3	  -6	
  12	   0	   0	   0	   0	
   0	   2	   0	   0	   0	
   0	   0	   4	   0	   0	
  -8	   0	   0	   0	   0	
w channel: [4, 3]
   3	   0	  10	   0	   0	
   3	   0	  -2	   7	  -8	
   8	   6	   0	   1	   3	
   0	   0	   0	   0	   0	
   0	  11	   0	   0	   0	
w channel: [4, 4]
   3	   9	   0	  -2	   0	
   0	   0	  -8	   0	   3	
   0	   4	  10	   8	   0	
   0	   0	   0	   0	  14	
  13	   0	  -5	  11	   0	
w channel: [4, 5]
   0	   0	  15	  12	   5	
   9	  -2	  -5	   0	   0	
   0	  15	  10	   0	  -8	
   0	   0	   0	  -7	   0	
   0	   6	  11	   0	   0	
w channel: [4, 6]
   0	   0	  10	   6	  -5	
   0	  -4	   9	   8	   0	
   0	   0	   0	   0	   3	
   0	  -5	   0	   0	  -8	
   0	  -1	   3	   0	   0	
w channel: [4, 7]
   0	  -2	   0	   0	   0	
   9	   0	   0	   0	   0	
   0	  15	   4	  -4	   0	
   0	  12	   0	   0	   0	
  -1	   0	   3	  15	   0	
w channel: [5, 0]
   0	   0	   7	   0	   6	
  -2	   0	  14	   0	   2	
   0	   0	  10	   0	  -1	
   0	   0	   0	   0	   3	
  -2	   0	   0	  10	   0	
w channel: [5, 1]
   0	   0	   0	   0	   0	
  -7	   9	   0	   0	  -4	
   0	   0	   2	   0	   0	
   0	  11	   9	   0	   0	
  -2	  13	   0	   6	  -7	
w channel: [5, 2]
   0	   0	  14	   0	   0	
   0	  -5	  -3	   0	   0	
   8	   0	   0	  -5	   0	
   0	   0	   0	  10	   0	
   0	  -3	  11	   3	   0	
w channel: [5, 3]
   0	   0	  13	   8	   0	
  14	   0	   0	   9	   0	
  -4	   6	  13	   0	   0	
   0	  -4	   0	   0	   0	
   0	   0	   0	   0	   0	
w channel: [5, 4]
   0	  12	   0	  14	   5	
   3	  -1	   9	   4	   0	
   0	   0	  -3	   0	   1	
   0	   0	   0	   0	   4	
   0	   4	  -4	   0	   0	
w channel: [5, 5]
   8	  -1	   0	   0	   0	
   0	   0	  -3	   0	   0	
   0	  13	   0	  12	  13	
   0	   0	   0	   0	  11	
  -1	   0	   0	   0	  -5	
w channel: [5, 6]
   0	   0	  -5	  -3	   0	
   0	   0	   0	   0	   0	
  -1	   0	   0	   0	   0	
  -2	   0	  -7	   6	   0	
  15	   0	  15	   0	   0	
w channel: [5, 7]
   0	  -2	   0	   8	   0	
   0	   0	   0	   0	  15	
   2	   0	   0	   0	   0	
   0	   0	  12	   0	   3	
   0	   0	   0	   0	   0	
w channel: [6, 0]
  -6	  -6	   0	   0	   2	
   0	   0	   0	   0	  -1	
   0	   0	   0	  10	   1	
   0	   0	   0	   0	   0	
   0	  14	  -7	   4	   0	
w channel: [6, 1]
  10	  -4	  12	  -7	   3	
   6	   5	  -5	   0	   0	
  -1	   0	   0	  -7	   0	
   0	   0	   0	   0	   0	
   0	  12	   0	   0	   0	
w channel: [6, 2]
   0	   1	  -7	  14	   0	
  -1	  12	  14	  -6	   0	
   0	  13	   0	   0	  -5	
   0	   4	   0	   0	   0	
   0	   1	   4	  10	   0	
w channel: [6, 3]
   0	  -4	   2	   0	   6	
   3	   8	  -2	   0	  10	
   0	   0	  15	  12	  -7	
   0	   0	   0	   0	  -4	
  -6	   0	   7	   0	   3	
w channel: [6, 4]
  12	   0	  10	  15	  -7	
   0	   0	   0	  -1	   9	
   7	   1	   0	   0	   0	
   0	  15	   3	  -6	  -8	
   0	   8	   0	  -2	   0	
w channel: [6, 5]
   0	   5	   0	  -6	   0	
  -2	   0	   3	   6	  15	
   6	   0	   0	   7	  -8	
   5	  10	  -2	   0	  -8	
   1	   0	  -7	   0	   0	
w channel: [6, 6]
   2	  -6	  10	   0	   0	
   0	   0	   1	   2	   0	
  -8	   0	  -8	  -3	  10	
   0	   0	   1	   6	  -3	
   0	   0	  -2	  14	   0	
w channel: [6, 7]
  15	  -7	   9	   0	   2	
   0	  -5	   0	  -5	   8	
   0	  -5	   0	   0	  13	
   0	   0	   7	   0	  -8	
   0	   1	   9	   6	   0	
w channel: [7, 0]
  -7	   5	   9	  12	   0	
   0	   0	  -1	  10	  -6	
   0	   0	   0	   0	   0	
  -5	  15	  14	   9	   0	
   0	   0	   0	   8	   0	
w channel: [7, 1]
   3	   5	   6	   0	  13	
   0	   0	   0	   0	  15	
   0	  -4	   3	   0	  12	
   0	   0	   0	   0	   6	
  -1	  13	   0	  -6	   7	
w channel: [7, 2]
  -2	   8	  -6	  -3	   0	
  15	   0	   5	   5	   0	
   0	   0	   0	  -7	   3	
  12	  -5	  12	  -3	  -8	
   0	  10	   0	   9	   5	
w channel: [7, 3]
   0	   9	  13	  -5	  11	
   0	   0	   2	   0	   0	
   0	   3	  -2	   0	   0	
  -1	   0	   0	   9	   0	
   2	   0	   0	   0	   0	
w channel: [7, 4]
   4	   6	   6	  13	   0	
   0	   1	  10	   0	   0	
   0	   0	  13	  -7	  10	
   0	   0	  11	   1	   3	
   0	   0	   7	  15	  -4	
w channel: [7, 5]
   0	   0	  -2	   0	   0	
  -7	   9	  13	   0	   0	
   0	  -6	   0	   0	   2	
   0	   0	   0	   0	   0	
  15	   0	  12	   0	  -4	
w channel: [7, 6]
   0	   0	   0	   0	   0	
   0	   3	   0	   3	  10	
   0	  13	  11	  14	  11	
   0	   9	   0	  -6	  -7	
   0	   9	   8	   0	  -3	
w channel: [7, 7]
   1	   0	   0	   0	  12	
  14	  12	  -4	  10	   0	
   6	   0	  14	   3	   0	
   9	   0	   9	   4	   0	
   0	   1	   0	   0	   0	
w channel: [8, 0]
   0	   0	   0	  -2	  -4	
  -8	   3	  12	   7	   0	
   0	   0	   0	   0	  15	
   0	   0	  -5	   0	   0	
  15	   0	   0	   0	   3	
w channel: [8, 1]
  -6	  -4	   0	   0	   0	
  13	  -6	  -2	  -7	   0	
   0	   0	   6	   1	   0	
   0	   0	   0	   0	  10	
   5	  -3	   4	   0	   0	
w channel: [8, 2]
   0	   0	  -5	  11	  -6	
   0	   0	  15	   0	   5	
   0	   5	   9	   0	   0	
   0	  13	   0	  -8	   0	
  11	  -6	   0	  -7	  13	
w channel: [8, 3]
   0	   0	   0	   3	   6	
  10	   0	  -1	   0	   9	
   0	   7	   0	   0	  -8	
  -6	   0	   0	   0	   0	
   0	   0	   0	   0	  15	
w channel: [8, 4]
   0	   0	   0	   0	   0	
   4	   4	   0	  12	   0	
   0	   0	   0	   4	  10	
   3	   0	   7	   0	   0	
   7	   4	   0	  -1	   0	
w channel: [8, 5]
  -1	   5	   0	   0	   0	
  -6	  15	  -5	  -5	   0	
  -7	   0	   0	   6	   7	
   9	   0	  -1	   0	   7	
   0	  12	   0	  -6	   4	
w channel: [8, 6]
  12	  12	   0	   9	   8	
   8	   0	   0	   8	   0	
  -5	   0	  -7	   0	   3	
   0	   0	  12	   5	  11	
   6	   0	   9	  -5	  15	
w channel: [8, 7]
   0	  15	   7	  10	  -2	
  10	   2	  -7	   0	   0	
   9	   0	   0	  -5	   1	
   0	   0	   9	   0	   2	
   0	   6	   3	   7	   8	
w channel: [9, 0]
   8	   0	   0	   0	   0	
   0	   0	  -3	  -5	   0	
  -2	   0	   1	   1	  10	
   0	   0	   0	   0	   4	
   0	  14	   0	   0	   1	
w channel: [9, 1]
   0	   8	   0	  -3	   0	
   7	  -1	  13	   0	   7	
  -8	   0	   9	  10	  -4	
  15	   5	   7	   4	   3	
   0	   2	   0	   6	   0	
w channel: [9, 2]
   0	   0	   0	  -1	   0	
   2	  -1	   0	   0	  -3	
  -8	  12	  -5	  10	  -8	
   0	  -5	   0	   0	   1	
   0	   0	  12	   0	   0	
w channel: [9, 3]
  -7	  13	   8	  11	   0	
   0	  10	   6	   0	   0	
   0	  13	   0	   0	   5	
  -2	  -4	   0	   0	   0	
   0	  15	   0	   0	   6	
w channel: [9, 4]
   0	   0	  -8	  14	   0	
  11	   0	  13	   2	   0	
   0	   0	  -3	   0	   7	
  -4	   0	   0	   0	   0	
  10	  -8	   0	  12	   0	
w channel: [9, 5]
   0	   5	   3	  15	   2	
  15	   0	   0	   0	   0	
   0	   0	  12	  -3	   4	
   0	   0	  -5	  -1	  -7	
   0	   0	   0	   9	  15	
w channel: [9, 6]
   0	  12	  13	   0	  -6	
   0	   0	   0	  -6	   0	
   0	   0	  10	   0	   0	
  -1	   0	   0	   0	   0	
   0	   2	  13	   0	  -3	
w channel: [9, 7]
   9	   0	   6	   0	   0	
  10	   7	   0	  -3	   0	
  13	   0	  11	   0	   3	
   8	  -7	  -3	   0	   0	
   0	   0	   0	   0	   0	
w channel: [10, 0]
   0	  -8	  11	  -7	  -5	
   3	   7	   0	   0	  10	
   0	  -5	   0	   0	   0	
   0	  -6	   3	   0	  11	
  10	  13	   0	   8	  -1	
w channel: [10, 1]
  11	  15	   0	   0	   0	
   7	   0	   7	   3	   0	
   0	   1	  -7	  -8	   0	
  -3	   0	  13	   0	   2	
  13	   0	  -6	  -3	  13	
w channel: [10, 2]
   0	  -1	   0	  -5	   6	
  -8	   0	   0	  -2	   0	
   0	   0	   0	   0	   0	
   0	   0	  -6	  10	  -5	
   0	   1	   0	   4	   0	
w channel: [10, 3]
  -3	   9	   0	   9	   0	
   0	   0	   0	   0	   0	
   7	   0	   0	   0	   0	
  13	   0	   8	   0	  -7	
   0	   0	   0	   0	  -8	
w channel: [10, 4]
  -7	   9	  12	   0	   6	
   0	   0	   8	   0	   0	
   0	   9	   0	   6	   6	
   0	   0	   1	   0	   0	
   0	  -7	   1	   6	  -2	
w channel: [10, 5]
   4	  -5	   0	  -2	   1	
  -8	   0	   2	   0	   0	
   1	  10	  15	   2	   0	
  -7	  12	  13	   1	   0	
   0	   9	   6	   4	   0	
w channel: [10, 6]
   0	   4	   3	   0	   0	
   0	   7	  -1	  15	   0	
   0	   9	   0	  -7	   0	
  -5	   0	   0	   0	   0	
   8	   0	  -6	   0	  10	
w channel: [10, 7]
   0	   0	   0	   0	   0	
   8	   0	  12	   0	   3	
   0	   0	  -7	  -8	   0	
   0	  -6	   0	   0	  12	
   0	   0	  13	   0	   7	
w channel: [11, 0]
  -1	  -5	   6	   0	  -6	
   0	   9	  11	   0	   0	
  -4	  -3	  -1	   0	  -4	
   0	  -1	  -3	   0	   0	
  14	  -3	   0	   5	   0	
w channel: [11, 1]
   0	   0	  -3	  -8	   2	
   0	   5	   0	   2	   3	
   0	   0	   0	   0	  10	
  -7	   4	  -3	   7	  -8	
   7	  11	  11	   7	   0	
w channel: [11, 2]
  -5	  15	   8	  -4	   0	
   0	   0	   0	   2	   0	
  -3	   0	   0	   7	   4	
  -5	   0	   0	  -6	  -4	
  -1	   0	   1	   0	   0	
w channel: [11, 3]
   7	   0	   6	   1	   0	
   0	   0	   7	  -8	   5	
  -6	   0	  14	   0	   0	
   1	   0	   0	   0	   0	
  -5	   0	  10	  11	  -7	
w channel: [11, 4]
   0	  -8	   0	  15	   2	
   0	  -8	   0	  -2	  11	
  -5	   0	  -4	   0	   0	
  -7	   4	   5	   9	  10	
   0	   0	   0	   0	   0	
w channel: [11, 5]
   3	   0	  14	   0	   7	
   0	  -5	   2	   6	   0	
   5	  -2	   0	   0	  10	
   4	   0	   6	   0	   0	
  10	   0	  11	   0	   0	
w channel: [11, 6]
  -2	   0	   0	   8	   0	
   0	  13	   0	   0	   0	
   0	   1	  -1	   0	  -2	
  -4	  10	  13	  -1	   5	
   5	   0	   0	   0	   1	
w channel: [11, 7]
  -6	   0	  -7	  -4	   0	
   0	   0	   0	   0	  -3	
   0	   0	   0	  -2	   0	
  11	   0	  14	   0	  -4	
   0	   0	   0	  -1	   0	
w channel: [12, 0]
   6	   0	   0	   5	   0	
   0	   5	   5	   7	   6	
   0	   0	   0	   0	  -4	
   0	   0	  -7	  -5	   0	
   0	   0	   0	   0	   3	
w channel: [12, 1]
  -2	  12	   0	   7	   0	
   3	   0	  14	   0	   8	
   3	   0	   0	   0	   6	
  -2	   8	   0	   3	   0	
   0	   1	   0	   2	   9	
w channel: [12, 2]
  15	   7	   0	  10	   0	
  -1	  -8	   0	  11	   2	
   0	   0	   0	  -1	   0	
   0	   2	   0	   6	  -6	
   7	  -1	   2	   0	  14	
w channel: [12, 3]
   0	   7	   3	  -5	   3	
   0	   1	   0	  -2	   0	
   0	   0	   0	   0	   0	
   0	   0	   0	   0	  -1	
  13	   7	  -8	   0	   1	
w channel: [12, 4]
   5	  -2	   0	  15	   1	
  13	   3	   0	  13	   0	
   0	   0	   0	  10	   0	
  -1	  15	   0	  -3	  -4	
   2	   0	   0	  11	  -4	
w channel: [12, 5]
  -1	   0	  -1	  11	  -2	
   0	   0	   8	  10	   0	
   0	  -2	  15	   0	   0	
   3	  -8	  -8	   0	   0	
   0	   0	   2	   0	  11	
w channel: [12, 6]
   0	   0	   0	  -5	   0	
  -5	  -8	   0	   0	   0	
   1	   8	   0	   0	   0	
   0	   0	   0	   0	   0	
   7	  15	  13	  13	  -7	
w channel: [12, 7]
  -6	   0	   0	   8	   0	
  -1	  11	  -3	  -5	   0	
   0	  11	  13	   0	   1	
   0	   0	  15	   0	   0	
   0	   0	  -8	  -3	  15	
w channel: [13, 0]
   0	   6	  12	   1	  -2	
   0	   2	   0	   0	   0	
   9	   0	   6	  -3	   0	
   0	  -7	   8	   0	  -5	
   0	  -4	   5	   0	  -3	
w channel: [13, 1]
  -1	  -7	  -7	  -4	   6	
   0	   7	  11	   0	  15	
   0	   0	   0	  11	   0	
   1	  14	   0	   0	  12	
  -3	   0	   0	   0	  -6	
w channel: [13, 2]
  -3	   0	  -5	   0	  -3	
   0	   0	   0	   0	  -6	
   6	  -1	  14	   0	   0	
   0	   7	   0	  -5	  11	
   7	   0	   9	   0	   0	
w channel: [13, 3]
   0	   0	  15	   0	  -2	
  -6	   0	   0	   0	   0	
  -8	   3	  -7	  -5	  15	
  -7	   0	   0	   0	  -8	
   0	  -6	   0	   0	  -7	
w channel: [13, 4]
  -5	   4	   6	   0	   0	
  -5	  -8	   0	   0	   0	
  11	   2	   0	   0	   0	
  15	  10	  -6	  15	   0	
  -5	   0	  -3	  -6	   0	
w channel: [13, 5]
  11	   0	   0	   9	   0	
   0	   0	  13	   0	   0	
   0	   0	   2	  -8	   0	
   8	   4	   8	   0	  -7	
   0	   0	  -6	  -1	  15	
w channel: [13, 6]
   0	   0	   0	   0	   0	
   0	   5	   0	  -5	   2	
   0	   1	  13	   0	  -4	
   0	   0	   0	   0	   7	
   0	   0	   0	   0	  14	
w channel: [13, 7]
   0	   9	  -5	  14	   0	
  10	  -4	   0	   0	   0	
   0	  -3	   0	   0	   0	
   6	   0	  15	   3	  -6	
   2	   0	   0	   0	   0	
w channel: [14, 0]
   0	   9	   0	  12	  -8	
  10	   2	  12	  -5	  -1	
   0	  -2	  13	   0	   0	
   0	   0	  -7	   0	  -8	
   7	   0	   0	   3	   0	
w channel: [14, 1]
   0	   0	   0	  -7	   0	
   7	  12	   0	   8	   5	
   4	   0	   4	   0	   3	
   0	   0	   0	  -4	   0	
   0	   3	  -8	   0	   0	
w channel: [14, 2]
  12	   0	  -2	  -2	   0	
  12	   9	  12	   0	   0	
   0	   0	   0	   0	   0	
   0	   0	   1	   7	  10	
   3	   5	   0	   0	   0	
w channel: [14, 3]
   0	  12	   0	   0	   0	
   0	   0	  13	  13	   0	
   1	   0	  -3	  14	   0	
   0	  -3	   0	   7	   0	
   0	   0	   0	  15	   0	
w channel: [14, 4]
  14	  -3	   0	   0	  -4	
   0	   0	   3	  -2	   0	
   0	   0	   0	   0	   0	
  -1	   0	   1	  14	   2	
  11	   0	   7	   0	   1	
w channel: [14, 5]
  13	   0	   0	  -1	   8	
   0	   3	  -4	   0	   0	
   0	  -8	  -6	   0	   8	
  15	   0	   0	   0	  -1	
   0	   8	  -3	  10	   8	
w channel: [14, 6]
   0	   2	   0	   0	   0	
  10	   0	   0	   0	   0	
   0	   0	   0	   0	   0	
  -1	   0	   0	  11	   0	
  12	  -3	  -4	   8	   0	
w channel: [14, 7]
  14	   0	   0	   0	  -3	
  -7	   8	   0	   2	  15	
   0	   0	  -7	  -6	  10	
   0	   0	  -1	   0	  11	
   0	  12	  14	   0	   0	
w channel: [15, 0]
   0	   5	  -1	  15	   0	
   0	   0	   0	   1	   5	
   0	  -8	  -8	   3	   0	
   0	  -1	   0	   7	   0	
  10	   0	   1	   1	   0	
w channel: [15, 1]
   0	  -2	   0	  -8	   0	
   0	   0	  -2	  -1	   9	
   0	   0	   0	   0	   0	
   0	   2	   0	  -1	  13	
   0	   0	   0	   0	  11	
w channel: [15, 2]
   0	   5	   2	   0	   0	
   9	   0	  -3	  -2	  -6	
  13	  -4	  11	   0	   7	
  11	   6	   0	  15	   3	
   0	  11	   0	   0	   0	
w channel: [15, 3]
   0	   5	  -2	   9	   7	
   1	  15	   0	   0	  11	
   0	   0	   8	   8	   0	
   2	   0	   5	  14	   0	
   0	  -6	   5	  14	   9	
w channel: [15, 4]
   0	   0	   9	   0	   3	
  -1	   0	   0	  -1	  15	
   0	   0	  14	  -5	  -7	
   0	  13	   0	   0	   5	
  -5	  -4	   0	   3	   0	
w channel: [15, 5]
  10	   0	   3	   0	  13	
   0	  -8	   7	   0	  15	
  12	   8	   0	   0	  10	
   0	   0	   0	  -2	   0	
   0	   6	   0	   0	   9	
w channel: [15, 6]
   0	  14	   0	   0	  -3	
   4	   0	  11	   0	   0	
   0	   8	  -7	   0	  -1	
   0	   0	   0	   0	   0	
   0	   0	  -5	   1	   0	
w channel: [15, 7]
   0	   0	   0	   0	  13	
   5	   6	   0	   2	   6	
   0	   0	  -4	  -4	   9	
   0	   0	  -2	  -3	  12	
   0	   4	  -5	   4	  -8	
