11110010100010100100001111001110110110000011111010100111011010101101101010010011000110011011111110001000000000000000000000000001
11001001010001101101100101100110101110010110110101011101101001011100001100111111111000110010110110011101111110000110001010111100
00000000000000000000000000000000000000000000000000000000000000000000000000000000000000000000000000000000000000000000000000101110
10110000100110000000110011111011000100100101010100101110111000110011111010110111011100100101111011111000000000000000000000000011
10110111110101001010001111010101001001100001110011000101000101011010110101011011000111011110101100001100110101011110011110100110
00000000000000000000000000000000000000000000000000000000000000000000000000000000000000000000000000000000000000000000000001010110
01100110000100101010111110111101101100011111011011100110110011100011101110111100101101010110111001001000000000000000000000000101
00000001000001001111111100011011011100111101100101100010111011011001101000101111110101110100000000010010111110011110010001110110
10001000011010010101111010010001010100000110101011101101110000100110001010111101011111110101000000111000000000000000000000100001
01110000101111101111000100110101100100010011010000001101001100110010001101011001111101010100010010100110001101101111101010100010
00111100001111111111110110110011010000110100101011000100101101110000111111101100101010111101111110010000000000000000000000100011
00000000000000000000000000000000101110101011110100100110100111110110100010000000111110011010101110011100010010011000000011011000
01001101110100111101011011000001001010101010011011011101111010001010110000001101000101010011101010111000000000000000000000100101
11011111011111001010111001001001100111011011101110111110000011011100110110110100010111000101010000110111101001111101010110010010
00000000000000000000000000000000000000000000000000000000000000000000000000000000000000000000000000000000000000100001100101110110
10110111000000010110000111111111110001100010100100001101001101001100001010010110111111111000101111110000000000000000000001000001
00000000000000000000000000000000000011000010101101010111011110111100110011111110100100101110010011101110100110001110100000010010
10001011110001010100100101010111111111111001000010011101110111100011011000101101110110101011111111111000000000000000000001000011
00000000000000000000001110011000000111001100001111110111100001001011110101011011001011110111000101100110110111110000101010111000
11010111000000101111111111000001110000111111101111101001010100000110001101011001111111111101101010110000000000000000000001000101
00000000000000000000000000000001100010010111000100000000101011111110100101000000111101101100110011010010001011011111011010011110
01111111100111111111001000000011011111000001101100010011100001111001011010001001100111111011100010101000000000000000001000000001
00000000000000000000000000000000000000000000000000000100001001111100111011101110100001100101110011011111011110101110110111010100
10010010101111001101000000111111011111001010011011100001110110001110111111101010000110011011111100101000000000000000001000000011
10110010010110001010111111010100101010101011110111010011111010101110110010100110011001100101001110001110110001011010011111111110
00000000000000000000000000000000000000000000000000000000000000000000000000000000000000000000000000000000000000000000000101111110
11011010111101011001000011010110011101000110111100110100111100111011011011101111011101101011111110101000000000000000001000000101
00000000000000000000000000000000001011101110110110101011110111111111111010110111011101111101111011010110011101111001111011011010
00001001101101110111000010010100011011011010001111000100100011011001011100011111000101100110101111011000000000000000001000100001
01101000001100011100101000101110101000100100010101101011111001010101011010101110001010010111100010101001000110101001011010110000
00000000000000000000000000000000000000000000000000000000000000000000000000000000000000000000000000000000000000000000000001110110
11101010010100111100011010111000101011110111001001000010010010010111110110110110001000111011111110011000000000000000001000100011
10110000001101001110101001011010101010100110111010001111110111010100010111101010100110001010001100111011000111111110100100001110
00000000000000000000000000000000000000000000000000000000000000000000000000000000000000000000000011110100010110001110001011000110
10010110111001111111111010001011100110001001000100100110101010100011111100100100111101100000100111111000000000000000001000100101
00000000000000001111000010000110111011000101101001111111110101101111110110000011101100100001011010111010010110101010100110110010
10100111110101010001011110101110010011100101010001011010001100010110011011110100101100100011111101101000000000000000001001000001
00000000000010000101010001101110101110111011001001011100100000000101101100001111010011101100011110110100001000110010101011010100
01110111101110001110100111010110000000101111101100010010111100110011101111110010101001001100110001101000000000000000001001000011
00000000000000000000000000000000011000010111100000101100011101111000011101001001010110000001110110010101000111010101100010101110
01001110011010110011100101101011101101100100001001110101001011010011001001001101011000111011100010100000000000000000001001000101
00000000000000000111110011010000010110100010111010010011010011110111010111101101010010100100011111010001101000001010010010110010
00011101101101000110110001101000111110011111010100101101001011011101100101010111111000110101110001011000000001000000000000000001
00000000000000000000000000101111000100100111100111011011011101010101011001100101100110101101001101111111011101001010010101110010
00111001100001000110010101101001110111110001110111110100011000011000100111000100001100010001111111100000000001000000000000000011
01000000101010110101001001001111010001101010001100101001101011011011101000110110101010100111100100010111111110101100110101001110
00000000000000000000000000000000000000000000000000000000000000000000000000000000000000000100001001100111111011100001100101001010
10000011110010001110010000101101111010110001100111111111000001001100101100011101000100000011111110111000000001000000000000000101
00000000000000000000101101101100111100100100111001001111011011011101001010110010010110011100011111111001001010110100110111100000
10101101011011110100101000101100110110101011000100111100010101100001100111100101101100110011111100111000000001000000000000100001
01001001011011000001101110001101110010010110110001101110100010000100110001110110101001000001000100011000111111110100011100001010
00000000000000000000000000000000000000000000000000000000000000000000000000000000000000000000000000000000000000000000000001000010
11100111100111000110101111011110001011011101001110001111111111001100100111000011011101110100000111111000000001000000000000100011
00000000000000000000000000111100001011101101101100111001011100001101101010101110011010111001110111010010110110010101110110111100
11110000110100001101100100101110010111010101010111101000011000010001011001011111101001111101111111100000000001000000000000100101
00000010111101101100001110010001101110110110000110010110110001000101100110111101101011001010101011010100100111011011000100011110
00000000000000000000000000000000000000000000000000000000000000000000000000000000000000000000000000000000001111110110101011110010
10011011010011110100100101000011101111000011001010011010110100011101010001000000010100001101111110110000000001000000000001000001
10101000110000100010110100001100111110100101100101110101110010111000011101100100001010100000011101000001110000011011000000011100
00000000000000000000000000000000000000000000000000000000000000000000000000000000000000000000000000000000000000000000000011111110
01100001001111111001111010001101100010011001110111011011000001111000111101100110001001001000110011001000000001000000000001000011
00000000000000111001011000010100111111110011110111001010001101001110111010100111010000011000110100101011010010011000101010101100
01111101000101101110101000001101110111110101000100001111101001101100101111101010101101001001110101010000000001000000000001000101
00000000000000000000000010100111101100011000010100111111100101010110110000001110100101011111110010000111000110111001010010001010
01101101011100000010111111000011100100111111011010000100110010001110101000101110100100010011111110111000000001000000001000000001
00000000000000000000000000110010011011011000101111001011101010111001010010111111110100010000111000011100110011000101010000100000
11111010101010010111000011111010101011000110110010100100011100011011111100000010000011011010010101110000000001000000001000000011
00000000000000000000011110000111011100110110111011100001111010111110010101011001101111101010100111111111111100001001101111101010
00100011001101000110001111111111010000100001111110110000001100011010100011011110101110010101111111110000000001000000001000000101
00000000000000000000111010011000011110001011001011101110100101000100110110111011110011011010000111010101110100000001111110000100
00011101010010010110100001100110110101101010011101100100011101111000010100101010001100101111010111110000000001000000001000100001
00000000000000000010011101110001011011110111000011101000000011001101000100001001011010000100110111101100110110100101010011100000
01000101001010010101001100110010000001110010111111111010001100011001010100110110101100110011111110011000000001000000001000100011
10000101101111101011101000000001000001101011011100010101111110101010001101101110001101110101000100010001101111010001111101001000
00000000000000000000000000000000000000000000000000000000000000000000000000000000000000000000000000000000000000000000000000011000
11100011010100100101001101010101000101011101011001001111011100011111000101111000010010010010010010001000000001000000001000100101
00000000000000000000000000000011111011010000011110011001111101111111101011000110111001011000110110111110011010110110000111000110
11010110001011111010111110011000101110001001001011100100100011010100011011101010100011111101111110010000000001000000001001000001
01010101110010101000111001111010100010001001100100110111101100111001010110110111101110011011001011000011100111001011101110011010
00000000000000000000000000000000000000000000000000000000000000000000000000000000000000000000000000000000000000000011000010110110
01100110101110111100010011111011011011010001101111110000000010100101110000011111001001101101011100011000000001000000001001000011
00000000000000000000000000000000011101101111001010010010101001110110010010101000000001010111111011100111010101000101101101100110
10010100000011001100001111010001111111110010010001011110000101001100101101011011111010111011111101101000000001000000001001000101
10011000011101111011011111010110110001000010100110110111010010010010110111110010011010100110111010000110010100111011101011010010
00000000000000000000000000000000000000000000000000000000000000000000000000000000000000000000000000000000000000000000000000001100
10111111001011010011100110011011111100110101110110110011000001010010100000101001000001110001111110000000000010000000000000000001
00000000000000000000000000000000000000000000000000000000000000110000101111111110111100011111111100011011011111111111001111011010
10111010011111010100000111000101100100010100111111111111100101100110010010111111100010010100101000101000000010000000000000000011
00000000000000000000000000000000000100101010100111011111100110110110011100001001110110001001001100111001111100100110100110101110
10000011101101100110110010111000100101001111011010010110101110010000011111110011111001001011111101111000000010000000000000000101
00000000000000100000111010010011010010101011101111101011110011111111110100101101010111110001011010010101101001001001111101100000
01110010111110110010111100100111110110100110011111001000111111101000000101001000000001101110011011011000000010000000000000100001
00000001110000100010010111011010011011010010110110101011001000110101110010100010010010100100001010000110101101011100111010110100
01101111010110111011110001000000101101011011010001000100111110110011111111110111110111011101111110010000000010000000000000100011
00000000000000000000000000000000011100001010111101100011010100101011110110010110110010111010001111101111100000100000011101110110
11101001011001110111001101001011100010110101100100100011001101101100000011110011100010110101111111100000000010000000000000100101
01110011110000111110100010101110001010111010001011001101001011101011000110111001010110011100111111010100010010100101101111010010
00000000000000000000000000000000000000000000000000000000000000000000000000000000000000000000000000000000000000000000000000000010
10111110011101110000000100010011010100100010000101011101111111011111111111101110100110100001111100100000000010000000000001000001
00000000000000000000000000000000110101101000000011101100101011110110011110111110101111101111001110011101101101011111110111110110
11100010000011100100011001100001100011100100010001101100000110100011001110101011000100111111101011111000000010000000000001000011
00000000000000000000000001011110101010111011111111010111100100110110011011000111101011100011111110000001110100100011111110011100
10000011110010111010001101011011100011001001010000010011001001111111010010101001001010010100101010000000000010000000000001000101
00000000000000000000000000000000000000000000000000000000000000000000101111111100101101011101100011010100010111110111101111100000
00110110111100011010101001110010011010100110000111100000110101000101111010101100111101100011111101111000000010000000001000000001
00000000000000000000000000110111100100001101000001110000001000111011010111100111011111111001001101101100110100100111111111110000
00100110011111010101010110110011000101110100000010001011101111101110000011010000110010010101100001001000000010000000001000000011
00000000000000000000000000001010011101011110111011011111110011110101111000101010010011100110111011111110001110101010101101100010
10110101110111110110010110101111010101011111001111101010000010101010011111011111011111111010110001000000000010000000001000000101
00000000000000000000000000000000000000000111110010100100101011011111110101001101111001010100111010001001011100110100111011110110
11101011010010001000101001001001001110010101000011110100100101011111101001111010011001000110001010100000000010000000001000100001
00000000000000000000000000000000000010111001111010001111001111001011100010011011111111010110100000110111110101100011010101101110
00001111011111000110110101101111011100110010010001010110001101101001001011011101001000000010011111110000000010000000001000100011
00000000000000000000000000000000001101000010111110010101100001111110110010111110101111011110000011001000101001001011100010010000
01011000110011011011011010010001000010001100101011111000101000010110100010001110110000110011111110101000000010000000001000100101
11010010111000101100010100100100101110101001001000101010011111010110000100011010110110000111010001011011110100101000001110101000
00000000000000000000000000000000000000000000000000000000000000000000000000000000000000000000000000000000000000001010111011010010
01101010101011011111011011011111011011111001000010110101111010100111000110011110011111110100110111101000000010000000001001000001
00000010000100110000000101110011010110111101000001010110110001010100111100010111010110110001010001011111101101110000111011001010
10010010111111111111000101011111101110010011110100110111001001010110111110101010100110010111011100111000000010000000001001000011
00000000000000000001111101110001100101100001000110101111101111001100111001101011010000001010100000010101101001100101010010111100
00111100111100101110001101110100110001011011111010111101100011110101110000110111111110011001100011101000000010000000001001000101
00000000000000000000000000000000000000001111100110101010011111011000100010011001000011010001110111100001111111111110111000110000
10011101000101111011010001011001101111110001101101010010001010101011000101010111010000000001111111000000000011000000000000000001
10000101010011101101000000110100010110101001111101000100011011111111111101111000001010101000110010011111101110001010001101001110
00000000000000000000000000000000000000000000000000000000000000000000000000000000000000000000000000000000000000000000000001000010
10110100111100111011101100100100001101111100100011100111111110011111101010100011100110011101111110100000000011000000000000000011
00000000000000000000000000000000000000000000000000010110010011100001111101110100010011010110010101111110100011001100011011011010
01111101000101111011111111101100010101000001100111101110011110001111000101001100010111001010111100000000000011000000000000000101
00000000001111010101110111100100010101100010100100001110100110110110100010011101010001001110001101101101001100011100001111101000
11100011011101010011010010001110101110110010000010101100000010101101100010000111110111100110100000100000000011000000000000100001
01111010001000010101111001011110101111100010001110110111101001100001101011110000110011110111010110001011101110010101100111000110
00000000000000000000000000000000000000000000000000000000000000000000000000000000000000000000000000000000000000000000000001000010
11100011000110110100100001101111010100001011101101110111100110111110110010101100101011010110110001001000000011000000000000100011
00000000000000000000010100110010101110110111010110010011111010110100011000011001100100110111100100101111011110101110100000111000
01010001111000111010101011010111101001101011110110101001110111110101001000001101011110000001111111110000000011000000000000100101
00000000000000000000000000001011010001101111101111101101111001001011010111111011110010100111111111111010011100001010110010101100
11110110010001011111011110110111011101010111010100100111110110001110100000100010000001011100111100100000000011000000000001000001
00000000000000000000000000000000000000000000011010001111000100101101110001011100011111010001010001110000111001101110001111110110
10111101100101110100000100001111100000011110110011110111111111011010111111010000110110111010001010011000000011000000000001000011
00000000000000000000000000000000010101001111011101010011011010101101101001011000000010000110110011100000010010101001100011101010
10011001011011111000001001011111000011101110100011100111101111111011001010101101011001100010010011111000000011000000000001000101
00000000000000000010000101101100110011010001111010101011110001101110000111011110111100001000111101100001001011101011101111100110
01101101010011001000111000000010101111001010010011111101110010101011101001010010011001100010101010111000000011000000001000000001
00000000000000000000000011111001111110010111101001010010011110111001001110101011101110000001101001101010111011110110111000111000
01110110010011110111101001011001010101000111011101001010001010000111111000100100010100011101111110110000000011000000001000000011
01010110101110110110011101100010110100011111010110000100011110100011101101100111010100001100111000011010011000000111101110101110
00000000000000000000000000000000000000000000000000000000000000000000000000000000000000000000000000000000000000000011000010010010
10010101100110100001101110001110111001101111011000110101101110000101010001011111010100101111001011010000000011000000001000000101
00000010110110110111101001010111000110111011000001101000010001101010101111101100101000010000011000110111100011100100110001001010
10101110100010101001011001010001010100000110110101100101011010101101010001010111011011101010111010001000000011000000001000100001
00000000000000000000000001100110110000111110010010101001111010100101111001111110101010111101110011110101011010110100111011101010
11010101011100001111010001101110110101011111111100010100001111011001111011000010101011000001111110000000000011000000001000100011
00010111000001011101001001100011110011001100101100100011111100101101110110000111101010111110110110011001011100011010010110001110
00000000000000000000000000000000000000000000000000000000000000000000000000000000000000000000000000000000000000000000000000000010
11100100000001001111111110101010111001111011101100010101100010101011001001111100011011101011111110011000000011000000001000100101
01010010011001100001100100011111101101011011011001111110100110011010000101010110100101101010111010100001100101010100110001110010
00000000000000000000000000000000000000000000000000000000000000000000000000000000000000000000000000000000000000000000010010011010
00010010110010101110100111111011110110111101000111011111011010100010110000110110111010111101111110110000000011000000001001000001
00000000000000000000110000101011001111111011100110010010111010111000001111011111100111100101010101111100100001101011010111100000
10000111100101000110010111001010011010101110110101111101010001001100111011101011000101111010001101100000000011000000001001000011
01000010110110100110101010000110000011010001000000111001100100101100000111011000111101011011000000111011000101011010100011010000
01000100110110111101111011110000111101001111011100010000000101001111010011101101101110001101111101010000000011000000001001000101
00000000000000000000000000000000000000101111100010111100101001100000101111110100100010011110111010101110101100011111011101101010
