100000100000001
100000100000001
100000100000001
100000100000001
100000100000001
100000100000001
100000100000001
100000100000001
100001000000010
100001000000010
100001000000010
100001000000010
100001100000011
100001100000011
100010000000100
110000100000000
100000100000101
100000100000101
100000100000101
100000100000101
100000100000101
100000100000101
100000100000101
100000100000101
100001100000111
100001100000111
100010000001000
110001000000000
100001100000000
100001100000000
100001100000110
100001100000110
100000100001001
100000100001001
100000100001001
100000100001001
100000100001001
100000100001001
100000100001001
100000100001001
100001000001010
100001000001010
100001000001010
100001000001010
100001100001100
100001100001100
100001100001011
100001100001011
