5 0000
56 00010000
61 000100010
60 0001000110
62 0001000111
43 00010010
57 000100110
47 000100111
27 000101
4 00011
16 001
32 0100
1 010100
17 0101010
20 0101011
30 010110
24 010111
12 011000
6 011001
13 01101
9 01110
54 01111000
19 01111001
50 0111101
45 01111100
35 01111101
22 01111110
59 011111110
44 011111111
29 100000
36 1000010
49 10000110
55 10000111
14 10001
15 100100
51 10010100
42 10010101
34 1001011
10 10011
63 101
26 110000
28 1100010
23 1100011
3 110010
39 11001100
40 110011010
58 110011011
53 1100111
48 110100
18 1101010
31 1101011
52 11011000
46 11011001
0 1101101
21 1101110
41 110111100
38 110111101
33 11011111
2 1110
37 1111000
25 1111001
11 111101
8 111110
7 111111
