100010000000101
110000100000000
100001100010000
100001100010000
100010000100000
110010000000000
110010100000000
110011000000000
110100000000000
110100100000000
100001100111111
100001100111111
110101000000000
110110000000000
100010000000010
110111000000000
100010000111000
110001000000000
100010000101011
110001100000000
100001000011011
100001000011011
100001000011011
100001000011011
100000100000100
100000100000100
100000100000100
100000100000100
100000100000100
100000100000100
100000100000100
100000100000100
100000100111101
100000100111101
100000100111101
100000100111101
100000100111101
100000100111101
100000100111101
100000100111101
100001000111100
100001000111100
100001000111100
100001000111100
100001000111110
100001000111110
100001000111110
100001000111110
100000100111001
100000100111001
100000100111001
100000100111001
100000100111001
100000100111001
100000100111001
100000100111001
100000100101111
100000100101111
100000100101111
100000100101111
100000100101111
100000100101111
100000100101111
100000100101111
100001000000001
100001000000001
100001000000001
100001000000001
100001100010001
100001100010001
100001100010100
100001100010100
100001000011110
100001000011110
100001000011110
100001000011110
100001000011000
100001000011000
100001000011000
100001000011000
100001000001100
100001000001100
100001000001100
100001000001100
100001000000110
100001000000110
100001000000110
100001000000110
100000100001101
100000100001101
100000100001101
100000100001101
100000100001101
100000100001101
100000100001101
100000100001101
100000100001001
100000100001001
100000100001001
100000100001001
100000100001001
100000100001001
100000100001001
100000100001001
100010000110110
100010000010011
100001100110010
100001100110010
100010000101101
100010000100011
100010000010110
110011100000000
100000100111011
100000100111011
100000100111011
100000100111011
100000100111011
100000100111011
100000100111011
100000100111011
100000100101100
100000100101100
100000100101100
100000100101100
100000100101100
100000100101100
100000100101100
100000100101100
100001000011101
100001000011101
100001000011101
100001000011101
100001100100100
100001100100100
100010000110001
100010000110111
100000100001110
100000100001110
100000100001110
100000100001110
100000100001110
100000100001110
100000100001110
100000100001110
100001000001111
100001000001111
100001000001111
100001000001111
100010000110011
100010000101010
100001100100010
100001100100010
100000100001010
100000100001010
100000100001010
100000100001010
100000100001010
100000100001010
100000100001010
100000100001010
100001000011010
100001000011010
100001000011010
100001000011010
100001100011100
100001100011100
100001100010111
100001100010111
100001000000011
100001000000011
100001000000011
100001000000011
100010000100111
110101100000000
100001100110101
100001100110101
100000100101000
100000100101000
100000100101000
100000100101000
100000100101000
100000100101000
100000100101000
100000100101000
100000100111010
100000100111010
100000100111010
100000100111010
100000100111010
100000100111010
100000100111010
100000100111010
100001000110000
100001000110000
100001000110000
100001000110000
100001100010010
100001100010010
100001100011111
100001100011111
100010000110100
100010000101110
100001100000000
100001100000000
100001100010101
100001100010101
110110100000000
100010000100001
100000100101001
100000100101001
100000100101001
100000100101001
100000100101001
100000100101001
100000100101001
100000100101001
100000100100110
100000100100110
100000100100110
100000100100110
100000100100110
100000100100110
100000100100110
100000100100110
100001100100101
100001100100101
100001100011001
100001100011001
100001000001011
100001000001011
100001000001011
100001000001011
100001000001000
100001000001000
100001000001000
100001000001000
100001000000111
100001000000111
100001000000111
100001000000111
