0 0
-1 1000
5 10010
-4 10011
1 1010
9 101100
8 101101
14 10111000
11 10111001
10 1011101
-6 101111
-3 11000
-7 1100100
-8 1100101
12 11001100
13 11001101
-16 1100111000
19 1100111001
-12 110011101
-13 110011110
18 1100111110
17 1100111111
4 11010
-2 11011
3 11100
7 111010
6 111011
2 11110
-5 111110
-10 11111100
-9 11111101
-17 11111110000
20 11111110001
-15 1111111001
-11 111111101
16 1111111100
-19 111111110100
25 111111110101
22 1111111101100
23 1111111101101
21 1111111101110
-18 11111111011110
24 11111111011111
15 1111111110
-14 1111111111
